earlt|2011-04-23|1001|atl-tor|1|1|0|1|877113711|1|1|
earlt|2011-04-23|1002|njd-phi|1|10|5|1|877114150|1|1|
earlt|2011-04-23|1003|buf-nyi|2|0|9|2|877114769|1|1|
earlt|2011-04-23|1004|fla-car|1|3|2|1|877114582|1|1|
earlt|2011-04-23|1005|ana-lak|1|15|1|1|877115147|1|1|
earlt|2011-04-23|1006|col-stl|1|0|1|2|877113408|-0.5|1|
earlt|2011-04-23|1007|cbj-chi|1|1|5|2|877115779|-0.5|1|
sollu|2011-04-23|1001|atl-tor|1|1|0|1|877113711|1|1|
sollu|2011-04-23|1002|njd-phi|2|10|5|1|877114150|-0.5|1|
sollu|2011-04-23|1003|buf-nyi|2|0|9|2|877114769|1|1|
sollu|2011-04-23|1004|fla-car|1|3|2|1|877114582|1|1|
sollu|2011-04-23|1005|ana-lak|1|15|1|1|877115147|1|1|
sollu|2011-04-23|1007|cbj-chi|2|1|5|2|877115779|1|1|
sollu|2011-04-23|1008|sjs-nas|1|5|4|1|877118633|1|1|
delarocha|2011-04-23|1001|atl-tor|1|1|0|1|877113711|1|1|
delarocha|2011-04-23|1002|njd-phi|1|10|5|1|877114150|1|1|
delarocha|2011-04-23|1003|buf-nyi|2|0|9|2|877114769|1|1|
delarocha|2011-04-23|1004|fla-car|1|3|2|1|877114582|1|1|
delarocha|2011-04-23|1005|ana-lak|1|15|1|1|877115147|1|1|
delarocha|2011-04-23|1006|col-stl|1|0|1|2|877113408|-0.5|1|
delarocha|2011-04-23|1007|cbj-chi|2|1|5|2|877115779|1|1|
delarocha|2011-04-23|1008|sjs-nas|1|5|4|1|877118633|1|1|
