trsto|2011-03-12|16|was-atl|2|0|14|2|876324976|1|1|
trsto|2011-03-12|17|fla-car|1|12|0|1|876340829|1|1|
trsto|2011-03-12|19|phi-nyi|2|1|0|1|876403903|-0.5|1|
trsto|2011-03-12|20|tbl-pit|2|0|8|2|876337255|1|1|
trsto|2011-03-12|21|ana-det|1|5|1|1|876352530|1|1|
trsto|2011-03-12|22|phx-chi|2|0|12|2|876363745|1|1|
trsto|2011-03-12|23|sjs-stl|2|1|3|2|876320482|1|1|
trsto|2011-03-12|24|dal-nas|2|2|4|2|876317096|1|1|
trsto|2011-03-12|25|lak-cbj|2|4|4|X|876407506|-0.5|2|
trsto|2011-03-12|26|ott-col|2|2|3|2|876319970|1|1|
trsto|2011-03-12|27|tor-van|1|5|3|1|876336392|1|1|
trsto|2011-03-12|28|mtl-min|1|8|0|1|876317207|1|1|
trsto|2011-03-12|29|bos-cgy|1|2|1|1|876321463|1|1|
trsto|2011-03-12|30|buf-edm|1|5|2|1|876340518|1|1|
snipper|2011-03-12|16|was-atl|X|0|14|2|876324976|-0.5|1|
snipper|2011-03-12|17|fla-car|X|12|0|1|876340829|-0.5|1|
snipper|2011-03-12|18|njd-nyr|X|5|0|1|876325035|-0.5|1|
snipper|2011-03-12|19|phi-nyi|X|1|0|1|876403903|-0.5|1|
snipper|2011-03-12|20|tbl-pit|X|0|8|2|876337255|-0.5|1|
snipper|2011-03-12|21|ana-det|X|5|1|1|876352530|-0.5|1|
snipper|2011-03-12|22|phx-chi|X|0|12|2|876363745|-0.5|1|
snipper|2011-03-12|23|sjs-stl|X|1|3|2|876320482|-0.5|1|
snipper|2011-03-12|24|dal-nas|X|2|4|2|876317096|-0.5|1|
snipper|2011-03-12|25|lak-cbj|X|4|4|X|876407506|2|2|
snipper|2011-03-12|26|ott-col|X|2|3|2|876319970|-0.5|1|
snipper|2011-03-12|27|tor-van|X|5|3|1|876336392|-0.5|1|
snipper|2011-03-12|28|mtl-min|X|8|0|1|876317207|-0.5|1|
snipper|2011-03-12|30|buf-edm|X|5|2|1|876340518|-0.5|1|
globox|2011-03-12|16|was-atl|2|0|14|2|876324976|1|1|
globox|2011-03-12|17|fla-car|1|12|0|1|876340829|1|1|
globox|2011-03-12|18|njd-nyr|1|5|0|1|876325035|1|1|
globox|2011-03-12|19|phi-nyi|1|1|0|1|876403903|1|1|
globox|2011-03-12|20|tbl-pit|2|0|8|2|876337255|1|1|
globox|2011-03-12|21|ana-det|1|5|1|1|876352530|1|1|
globox|2011-03-12|22|phx-chi|2|0|12|2|876363745|1|1|
globox|2011-03-12|23|sjs-stl|2|1|3|2|876320482|1|1|
globox|2011-03-12|24|dal-nas|2|2|4|2|876317096|1|1|
globox|2011-03-12|25|lak-cbj|X|4|4|X|876407506|2|2|
globox|2011-03-12|26|ott-col|2|2|3|2|876319970|1|1|
globox|2011-03-12|27|tor-van|2|5|3|1|876336392|-0.5|1|
globox|2011-03-12|28|mtl-min|1|8|0|1|876317207|1|1|
globox|2011-03-12|30|buf-edm|1|5|2|1|876340518|1|1|
poliku|2011-03-12|16|was-atl|2|0|14|2|876324976|1|1|
poliku|2011-03-12|17|fla-car|1|12|0|1|876340829|1|1|
poliku|2011-03-12|18|njd-nyr|1|5|0|1|876325035|1|1|
poliku|2011-03-12|19|phi-nyi|2|1|0|1|876403903|-0.5|1|
poliku|2011-03-12|21|ana-det|1|5|1|1|876352530|1|1|
poliku|2011-03-12|22|phx-chi|2|0|12|2|876363745|1|1|
poliku|2011-03-12|23|sjs-stl|1|1|3|2|876320482|-0.5|1|
poliku|2011-03-12|24|dal-nas|2|2|4|2|876317096|1|1|
poliku|2011-03-12|25|lak-cbj|2|4|4|X|876407506|-0.5|2|
poliku|2011-03-12|26|ott-col|2|2|3|2|876319970|1|1|
poliku|2011-03-12|27|tor-van|2|5|3|1|876336392|-0.5|1|
poliku|2011-03-12|28|mtl-min|1|8|0|1|876317207|1|1|
poliku|2011-03-12|29|bos-cgy|1|2|1|1|876321463|1|1|
poliku|2011-03-12|30|buf-edm|1|5|2|1|876340518|1|1|
pescalune|2011-03-12|16|was-atl|2|0|14|2|876324976|1|1|
pescalune|2011-03-12|17|fla-car|1|12|0|1|876340829|1|1|
pescalune|2011-03-12|18|njd-nyr|1|5|0|1|876325035|1|1|
pescalune|2011-03-12|19|phi-nyi|1|1|0|1|876403903|1|1|
pescalune|2011-03-12|20|tbl-pit|2|0|8|2|876337255|1|1|
pescalune|2011-03-12|21|ana-det|1|5|1|1|876352530|1|1|
pescalune|2011-03-12|22|phx-chi|2|0|12|2|876363745|1|1|
pescalune|2011-03-12|23|sjs-stl|1|1|3|2|876320482|-0.5|1|
pescalune|2011-03-12|25|lak-cbj|2|4|4|X|876407506|-0.5|2|
pescalune|2011-03-12|26|ott-col|2|2|3|2|876319970|1|1|
pescalune|2011-03-12|27|tor-van|2|5|3|1|876336392|-0.5|1|
pescalune|2011-03-12|28|mtl-min|1|8|0|1|876317207|1|1|
pescalune|2011-03-12|29|bos-cgy|1|2|1|1|876321463|1|1|
pescalune|2011-03-12|30|buf-edm|1|5|2|1|876340518|1|1|
earlt|2011-03-12|16|was-atl|2|0|14|2|876324976|1|1|
earlt|2011-03-12|17|fla-car|1|12|0|1|876340829|1|1|
earlt|2011-03-12|18|njd-nyr|1|5|0|1|876325035|1|1|
earlt|2011-03-12|19|phi-nyi|2|1|0|1|876403903|-0.5|1|
earlt|2011-03-12|20|tbl-pit|2|0|8|2|876337255|1|1|
earlt|2011-03-12|21|ana-det|1|5|1|1|876352530|1|1|
earlt|2011-03-12|22|phx-chi|2|0|12|2|876363745|1|1|
earlt|2011-03-12|24|dal-nas|2|2|4|2|876317096|1|1|
earlt|2011-03-12|25|lak-cbj|2|4|4|X|876407506|-0.5|2|
earlt|2011-03-12|26|ott-col|2|2|3|2|876319970|1|1|
earlt|2011-03-12|27|tor-van|1|5|3|1|876336392|1|1|
earlt|2011-03-12|28|mtl-min|1|8|0|1|876317207|1|1|
earlt|2011-03-12|29|bos-cgy|1|2|1|1|876321463|1|1|
earlt|2011-03-12|30|buf-edm|1|5|2|1|876340518|1|1|
cpalo|2011-03-12|16|was-atl|1|0|14|2|876324976|-0.5|1|
cpalo|2011-03-12|17|fla-car|X|12|0|1|876340829|-0.5|1|
cpalo|2011-03-12|18|njd-nyr|1|5|0|1|876325035|1|1|
cpalo|2011-03-12|19|phi-nyi|1|1|0|1|876403903|1|1|
cpalo|2011-03-12|20|tbl-pit|2|0|8|2|876337255|1|1|
cpalo|2011-03-12|21|ana-det|2|5|1|1|876352530|-0.5|1|
cpalo|2011-03-12|22|phx-chi|2|0|12|2|876363745|1|1|
cpalo|2011-03-12|23|sjs-stl|2|1|3|2|876320482|1|1|
cpalo|2011-03-12|24|dal-nas|1|2|4|2|876317096|-0.5|1|
cpalo|2011-03-12|26|ott-col|2|2|3|2|876319970|1|1|
cpalo|2011-03-12|27|tor-van|2|5|3|1|876336392|-0.5|1|
cpalo|2011-03-12|28|mtl-min|1|8|0|1|876317207|1|1|
cpalo|2011-03-12|29|bos-cgy|2|2|1|1|876321463|-0.5|1|
cpalo|2011-03-12|30|buf-edm|2|5|2|1|876340518|-0.5|1|
misko|2011-03-12|16|was-atl|2|0|14|2|876324976|1|1|
misko|2011-03-12|17|fla-car|1|12|0|1|876340829|1|1|
misko|2011-03-12|18|njd-nyr|1|5|0|1|876325035|1|1|
misko|2011-03-12|19|phi-nyi|2|1|0|1|876403903|-0.5|1|
misko|2011-03-12|20|tbl-pit|2|0|8|2|876337255|1|1|
misko|2011-03-12|22|phx-chi|2|0|12|2|876363745|1|1|
misko|2011-03-12|23|sjs-stl|X|1|3|2|876320482|-0.5|1|
misko|2011-03-12|24|dal-nas|2|2|4|2|876317096|1|1|
misko|2011-03-12|25|lak-cbj|2|4|4|X|876407506|-0.5|2|
misko|2011-03-12|26|ott-col|2|2|3|2|876319970|1|1|
misko|2011-03-12|27|tor-van|X|5|3|1|876336392|-0.5|1|
misko|2011-03-12|28|mtl-min|1|8|0|1|876317207|1|1|
misko|2011-03-12|29|bos-cgy|1|2|1|1|876321463|1|1|
misko|2011-03-12|30|buf-edm|1|5|2|1|876340518|1|1|
noel|2011-03-12|16|was-atl|2|0|14|2|876324976|1|1|
noel|2011-03-12|17|fla-car|1|12|0|1|876340829|1|1|
noel|2011-03-12|18|njd-nyr|1|5|0|1|876325035|1|1|
noel|2011-03-12|20|tbl-pit|1|0|8|2|876337255|-0.5|1|
noel|2011-03-12|21|ana-det|1|5|1|1|876352530|1|1|
noel|2011-03-12|22|phx-chi|2|0|12|2|876363745|1|1|
noel|2011-03-12|23|sjs-stl|1|1|3|2|876320482|-0.5|1|
noel|2011-03-12|24|dal-nas|2|2|4|2|876317096|1|1|
noel|2011-03-12|25|lak-cbj|2|4|4|X|876407506|-0.5|2|
noel|2011-03-12|26|ott-col|2|2|3|2|876319970|1|1|
noel|2011-03-12|27|tor-van|1|5|3|1|876336392|1|1|
noel|2011-03-12|28|mtl-min|1|8|0|1|876317207|1|1|
noel|2011-03-12|29|bos-cgy|1|2|1|1|876321463|1|1|
noel|2011-03-12|30|buf-edm|1|5|2|1|876340518|1|1|
lordik13|2011-03-12|16|was-atl|2|0|14|2|876324976|1|1|
lordik13|2011-03-12|17|fla-car|X|12|0|1|876340829|-0.5|1|
lordik13|2011-03-12|18|njd-nyr|1|5|0|1|876325035|1|1|
lordik13|2011-03-12|20|tbl-pit|2|0|8|2|876337255|1|1|
lordik13|2011-03-12|21|ana-det|1|5|1|1|876352530|1|1|
lordik13|2011-03-12|22|phx-chi|2|0|12|2|876363745|1|1|
lordik13|2011-03-12|23|sjs-stl|2|1|3|2|876320482|1|1|
lordik13|2011-03-12|24|dal-nas|2|2|4|2|876317096|1|1|
lordik13|2011-03-12|25|lak-cbj|1|4|4|X|876407506|-0.5|2|
lordik13|2011-03-12|26|ott-col|2|2|3|2|876319970|1|1|
lordik13|2011-03-12|27|tor-van|1|5|3|1|876336392|1|1|
lordik13|2011-03-12|28|mtl-min|1|8|0|1|876317207|1|1|
lordik13|2011-03-12|29|bos-cgy|2|2|1|1|876321463|-0.5|1|
lordik13|2011-03-12|30|buf-edm|2|5|2|1|876340518|-0.5|1|
delarocha|2011-03-12|16|was-atl|2|0|14|2|876324976|1|1|
delarocha|2011-03-12|17|fla-car|1|12|0|1|876340829|1|1|
delarocha|2011-03-12|18|njd-nyr|1|5|0|1|876325035|1|1|
delarocha|2011-03-12|19|phi-nyi|X|1|0|1|876403903|-0.5|1|
delarocha|2011-03-12|20|tbl-pit|1|0|8|2|876337255|-0.5|1|
delarocha|2011-03-12|21|ana-det|1|5|1|1|876352530|1|1|
delarocha|2011-03-12|22|phx-chi|2|0|12|2|876363745|1|1|
delarocha|2011-03-12|23|sjs-stl|X|1|3|2|876320482|-0.5|1|
delarocha|2011-03-12|24|dal-nas|2|2|4|2|876317096|1|1|
delarocha|2011-03-12|25|lak-cbj|X|4|4|X|876407506|2|2|
delarocha|2011-03-12|27|tor-van|2|5|3|1|876336392|-0.5|1|
delarocha|2011-03-12|28|mtl-min|1|8|0|1|876317207|1|1|
delarocha|2011-03-12|29|bos-cgy|2|2|1|1|876321463|-0.5|1|
delarocha|2011-03-12|30|buf-edm|1|5|2|1|876340518|1|1|
sollu|2011-03-12|16|was-atl|2|0|14|2|876324976|1|1|
sollu|2011-03-12|17|fla-car|1|12|0|1|876340829|1|1|
sollu|2011-03-12|18|njd-nyr|1|5|0|1|876325035|1|1|
sollu|2011-03-12|19|phi-nyi|1|1|0|1|876403903|1|1|
sollu|2011-03-12|20|tbl-pit|1|0|8|2|876337255|-0.5|1|
sollu|2011-03-12|21|ana-det|1|5|1|1|876352530|1|1|
sollu|2011-03-12|22|phx-chi|2|0|12|2|876363745|1|1|
sollu|2011-03-12|23|sjs-stl|1|1|3|2|876320482|-0.5|1|
sollu|2011-03-12|24|dal-nas|2|2|4|2|876317096|1|1|
sollu|2011-03-12|25|lak-cbj|2|4|4|X|876407506|-0.5|2|
sollu|2011-03-12|27|tor-van|1|5|3|1|876336392|1|1|
sollu|2011-03-12|28|mtl-min|1|8|0|1|876317207|1|1|
sollu|2011-03-12|29|bos-cgy|2|2|1|1|876321463|-0.5|1|
sollu|2011-03-12|30|buf-edm|1|5|2|1|876340518|1|1|
