delarocha|2011-04-10|152|mtl-lak|1|7|3|1|876321842|1|1|
delarocha|2011-04-10|153|buf-phx|1|10|0|1|876341273|1|1|
delarocha|2011-04-10|154|ana-tor|1|3|1|1|876352545|1|1|
delarocha|2011-04-10|155|dal-bos|X|1|1|X|876323516|2|2|
delarocha|2011-04-10|156|nyi-was|1|10|0|1|876279241|1|1|
delarocha|2011-04-10|157|fla-njd|1|3|2|1|876315747|1|1|
delarocha|2011-04-10|158|tbl-phi|2|0|10|2|877028306|1|1|
delarocha|2011-04-10|159|atl-pit|1|8|0|1|876326598|1|1|
delarocha|2011-04-10|160|nyr-car|2|0|10|2|876352302|1|1|
delarocha|2011-04-10|161|nas-cgy|1|11|1|1|876315465|1|1|
delarocha|2011-04-10|162|stl-van|1|4|0|1|876321588|1|1|
delarocha|2011-04-10|163|chi-edm|1|7|1|1|876344656|1|1|
delarocha|2011-04-10|164|col-cbj|1|6|0|1|876407763|1|1|
delarocha|2011-04-10|165|min-det|2|5|0|1|876317210|-0.5|1|
globox|2011-04-10|151|sjs-ott|1|5|4|1|876337780|1|1|
globox|2011-04-10|152|mtl-lak|2|7|3|1|876321842|-0.5|1|
globox|2011-04-10|153|buf-phx|1|10|0|1|876341273|1|1|
globox|2011-04-10|154|ana-tor|1|3|1|1|876352545|1|1|
globox|2011-04-10|155|dal-bos|1|1|1|X|876323516|-0.5|2|
globox|2011-04-10|156|nyi-was|1|10|0|1|876279241|1|1|
globox|2011-04-10|157|fla-njd|1|3|2|1|876315747|1|1|
globox|2011-04-10|158|tbl-phi|2|0|10|2|877028306|1|1|
globox|2011-04-10|159|atl-pit|1|8|0|1|876326598|1|1|
globox|2011-04-10|160|nyr-car|2|0|10|2|876352302|1|1|
globox|2011-04-10|162|stl-van|1|4|0|1|876321588|1|1|
globox|2011-04-10|163|chi-edm|X|7|1|1|876344656|-0.5|1|
globox|2011-04-10|164|col-cbj|1|6|0|1|876407763|1|1|
globox|2011-04-10|165|min-det|2|5|0|1|876317210|-0.5|1|
trsto|2011-04-10|151|sjs-ott|2|5|4|1|876337780|-0.5|1|
trsto|2011-04-10|152|mtl-lak|1|7|3|1|876321842|1|1|
trsto|2011-04-10|153|buf-phx|1|10|0|1|876341273|1|1|
trsto|2011-04-10|154|ana-tor|1|3|1|1|876352545|1|1|
trsto|2011-04-10|155|dal-bos|1|1|1|X|876323516|-0.5|2|
trsto|2011-04-10|156|nyi-was|1|10|0|1|876279241|1|1|
trsto|2011-04-10|158|tbl-phi|2|0|10|2|877028306|1|1|
trsto|2011-04-10|159|atl-pit|1|8|0|1|876326598|1|1|
trsto|2011-04-10|160|nyr-car|2|0|10|2|876352302|1|1|
trsto|2011-04-10|161|nas-cgy|1|11|1|1|876315465|1|1|
trsto|2011-04-10|162|stl-van|1|4|0|1|876321588|1|1|
trsto|2011-04-10|163|chi-edm|1|7|1|1|876344656|1|1|
trsto|2011-04-10|164|col-cbj|1|6|0|1|876407763|1|1|
trsto|2011-04-10|165|min-det|2|5|0|1|876317210|-0.5|1|
earlt|2011-04-10|152|mtl-lak|1|7|3|1|876321842|1|1|
earlt|2011-04-10|153|buf-phx|1|10|0|1|876341273|1|1|
earlt|2011-04-10|154|ana-tor|1|3|1|1|876352545|1|1|
earlt|2011-04-10|155|dal-bos|1|1|1|X|876323516|-0.5|2|
earlt|2011-04-10|156|nyi-was|1|10|0|1|876279241|1|1|
earlt|2011-04-10|157|fla-njd|1|3|2|1|876315747|1|1|
earlt|2011-04-10|158|tbl-phi|2|0|10|2|877028306|1|1|
earlt|2011-04-10|159|atl-pit|1|8|0|1|876326598|1|1|
earlt|2011-04-10|160|nyr-car|2|0|10|2|876352302|1|1|
earlt|2011-04-10|161|nas-cgy|1|11|1|1|876315465|1|1|
earlt|2011-04-10|162|stl-van|2|4|0|1|876321588|-0.5|1|
earlt|2011-04-10|163|chi-edm|1|7|1|1|876344656|1|1|
earlt|2011-04-10|164|col-cbj|1|6|0|1|876407763|1|1|
earlt|2011-04-10|165|min-det|1|5|0|1|876317210|1|1|
pescalune|2011-04-10|151|sjs-ott|1|5|4|1|876337780|1|1|
pescalune|2011-04-10|152|mtl-lak|1|7|3|1|876321842|1|1|
pescalune|2011-04-10|153|buf-phx|1|10|0|1|876341273|1|1|
pescalune|2011-04-10|154|ana-tor|1|3|1|1|876352545|1|1|
pescalune|2011-04-10|156|nyi-was|1|10|0|1|876279241|1|1|
pescalune|2011-04-10|157|fla-njd|1|3|2|1|876315747|1|1|
pescalune|2011-04-10|158|tbl-phi|2|0|10|2|877028306|1|1|
pescalune|2011-04-10|159|atl-pit|1|8|0|1|876326598|1|1|
pescalune|2011-04-10|160|nyr-car|2|0|10|2|876352302|1|1|
pescalune|2011-04-10|161|nas-cgy|1|11|1|1|876315465|1|1|
pescalune|2011-04-10|162|stl-van|1|4|0|1|876321588|1|1|
pescalune|2011-04-10|163|chi-edm|1|7|1|1|876344656|1|1|
pescalune|2011-04-10|164|col-cbj|1|6|0|1|876407763|1|1|
pescalune|2011-04-10|165|min-det|2|5|0|1|876317210|-0.5|1|
sollu|2011-04-10|151|sjs-ott|1|5|4|1|876337780|1|1|
sollu|2011-04-10|152|mtl-lak|1|7|3|1|876321842|1|1|
sollu|2011-04-10|153|buf-phx|1|10|0|1|876341273|1|1|
sollu|2011-04-10|154|ana-tor|1|3|1|1|876352545|1|1|
sollu|2011-04-10|155|dal-bos|1|1|1|X|876323516|-0.5|2|
sollu|2011-04-10|156|nyi-was|1|10|0|1|876279241|1|1|
sollu|2011-04-10|157|fla-njd|1|3|2|1|876315747|1|1|
sollu|2011-04-10|158|tbl-phi|2|0|10|2|877028306|1|1|
sollu|2011-04-10|159|atl-pit|1|8|0|1|876326598|1|1|
sollu|2011-04-10|160|nyr-car|2|0|10|2|876352302|1|1|
sollu|2011-04-10|161|nas-cgy|1|11|1|1|876315465|1|1|
sollu|2011-04-10|162|stl-van|1|4|0|1|876321588|1|1|
sollu|2011-04-10|163|chi-edm|1|7|1|1|876344656|1|1|
sollu|2011-04-10|165|min-det|2|5|0|1|876317210|-0.5|1|
snipper|2011-04-10|151|sjs-ott|X|5|4|1|876337780|-0.5|1|
snipper|2011-04-10|152|mtl-lak|X|7|3|1|876321842|-0.5|1|
snipper|2011-04-10|153|buf-phx|X|10|0|1|876341273|-0.5|1|
snipper|2011-04-10|154|ana-tor|X|3|1|1|876352545|-0.5|1|
snipper|2011-04-10|156|nyi-was|X|10|0|1|876279241|-0.5|1|
snipper|2011-04-10|157|fla-njd|X|3|2|1|876315747|-0.5|1|
snipper|2011-04-10|158|tbl-phi|X|0|10|2|877028306|-0.5|1|
snipper|2011-04-10|159|atl-pit|X|8|0|1|876326598|-0.5|1|
snipper|2011-04-10|160|nyr-car|X|0|10|2|876352302|-0.5|1|
snipper|2011-04-10|161|nas-cgy|X|11|1|1|876315465|-0.5|1|
snipper|2011-04-10|162|stl-van|X|4|0|1|876321588|-0.5|1|
snipper|2011-04-10|163|chi-edm|X|7|1|1|876344656|-0.5|1|
snipper|2011-04-10|164|col-cbj|X|6|0|1|876407763|-0.5|1|
snipper|2011-04-10|165|min-det|X|5|0|1|876317210|-0.5|1|
