earlt|2011-03-19|46|bos-ott|2|0|4|2|876326517|1|1|
earlt|2011-03-19|47|mtl-buf|1|0|4|2|876320931|-0.5|1|
earlt|2011-03-19|49|phx-ana|2|0|13|2|876352533|1|1|
earlt|2011-03-19|50|dal-tor|2|3|8|2|876336410|1|1|
earlt|2011-03-19|51|was-car|2|0|15|2|876340836|1|1|
earlt|2011-03-19|52|fla-tbl|1|13|1|1|876316245|1|1|
earlt|2011-03-19|53|njd-nyi|1|2|2|X|876279375|-0.5|2|
earlt|2011-03-19|54|pit-phi|2|2|3|2|876419445|1|1|
earlt|2011-03-19|55|atl-nyr|1|7|0|1|876325041|1|1|
earlt|2011-03-19|56|det-nas|1|3|4|2|876315420|-0.5|1|
earlt|2011-03-19|57|stl-chi|1|2|4|2|876321383|-0.5|1|
earlt|2011-03-19|58|cgy-van|2|0|5|2|876322263|1|1|
earlt|2011-03-19|59|edm-col|2|0|13|2|876316653|1|1|
earlt|2011-03-19|60|cbj-min|1|6|1|1|876408433|1|1|
poliku|2011-03-19|46|bos-ott|2|0|4|2|876326517|1|1|
poliku|2011-03-19|47|mtl-buf|2|0|4|2|876320931|1|1|
poliku|2011-03-19|48|sjs-lak|1|10|1|1|876339908|1|1|
poliku|2011-03-19|49|phx-ana|2|0|13|2|876352533|1|1|
poliku|2011-03-19|50|dal-tor|2|3|8|2|876336410|1|1|
poliku|2011-03-19|51|was-car|2|0|15|2|876340836|1|1|
poliku|2011-03-19|53|njd-nyi|1|2|2|X|876279375|-0.5|2|
poliku|2011-03-19|54|pit-phi|2|2|3|2|876419445|1|1|
poliku|2011-03-19|55|atl-nyr|1|7|0|1|876325041|1|1|
poliku|2011-03-19|56|det-nas|2|3|4|2|876315420|1|1|
poliku|2011-03-19|57|stl-chi|1|2|4|2|876321383|-0.5|1|
poliku|2011-03-19|58|cgy-van|2|0|5|2|876322263|1|1|
poliku|2011-03-19|59|edm-col|2|0|13|2|876316653|1|1|
poliku|2011-03-19|60|cbj-min|1|6|1|1|876408433|1|1|
globox|2011-03-19|46|bos-ott|2|0|4|2|876326517|1|1|
globox|2011-03-19|47|mtl-buf|2|0|4|2|876320931|1|1|
globox|2011-03-19|48|sjs-lak|1|10|1|1|876339908|1|1|
globox|2011-03-19|49|phx-ana|2|0|13|2|876352533|1|1|
globox|2011-03-19|50|dal-tor|2|3|8|2|876336410|1|1|
globox|2011-03-19|51|was-car|2|0|15|2|876340836|1|1|
globox|2011-03-19|52|fla-tbl|1|13|1|1|876316245|1|1|
globox|2011-03-19|53|njd-nyi|1|2|2|X|876279375|-0.5|2|
globox|2011-03-19|54|pit-phi|2|2|3|2|876419445|1|1|
globox|2011-03-19|55|atl-nyr|1|7|0|1|876325041|1|1|
globox|2011-03-19|56|det-nas|1|3|4|2|876315420|-0.5|1|
globox|2011-03-19|57|stl-chi|1|2|4|2|876321383|-0.5|1|
globox|2011-03-19|59|edm-col|2|0|13|2|876316653|1|1|
globox|2011-03-19|60|cbj-min|1|6|1|1|876408433|1|1|
misko|2011-03-19|46|bos-ott|2|0|4|2|876326517|1|1|
misko|2011-03-19|47|mtl-buf|2|0|4|2|876320931|1|1|
misko|2011-03-19|48|sjs-lak|1|10|1|1|876339908|1|1|
misko|2011-03-19|49|phx-ana|2|0|13|2|876352533|1|1|
misko|2011-03-19|50|dal-tor|2|3|8|2|876336410|1|1|
misko|2011-03-19|51|was-car|2|0|15|2|876340836|1|1|
misko|2011-03-19|52|fla-tbl|1|13|1|1|876316245|1|1|
misko|2011-03-19|53|njd-nyi|1|2|2|X|876279375|-0.5|2|
misko|2011-03-19|54|pit-phi|2|2|3|2|876419445|1|1|
misko|2011-03-19|55|atl-nyr|1|7|0|1|876325041|1|1|
misko|2011-03-19|57|stl-chi|1|2|4|2|876321383|-0.5|1|
misko|2011-03-19|58|cgy-van|2|0|5|2|876322263|1|1|
misko|2011-03-19|59|edm-col|2|0|13|2|876316653|1|1|
misko|2011-03-19|60|cbj-min|1|6|1|1|876408433|1|1|
trsto|2011-03-19|46|bos-ott|2|0|4|2|876326517|1|1|
trsto|2011-03-19|47|mtl-buf|X|0|4|2|876320931|-0.5|1|
trsto|2011-03-19|48|sjs-lak|1|10|1|1|876339908|1|1|
trsto|2011-03-19|49|phx-ana|2|0|13|2|876352533|1|1|
trsto|2011-03-19|50|dal-tor|2|3|8|2|876336410|1|1|
trsto|2011-03-19|51|was-car|2|0|15|2|876340836|1|1|
trsto|2011-03-19|52|fla-tbl|1|13|1|1|876316245|1|1|
trsto|2011-03-19|54|pit-phi|2|2|3|2|876419445|1|1|
trsto|2011-03-19|55|atl-nyr|1|7|0|1|876325041|1|1|
trsto|2011-03-19|56|det-nas|2|3|4|2|876315420|1|1|
trsto|2011-03-19|57|stl-chi|2|2|4|2|876321383|1|1|
trsto|2011-03-19|58|cgy-van|2|0|5|2|876322263|1|1|
trsto|2011-03-19|59|edm-col|2|0|13|2|876316653|1|1|
trsto|2011-03-19|60|cbj-min|1|6|1|1|876408433|1|1|
sollu|2011-03-19|46|bos-ott|2|0|4|2|876326517|1|1|
sollu|2011-03-19|47|mtl-buf|2|0|4|2|876320931|1|1|
sollu|2011-03-19|48|sjs-lak|1|10|1|1|876339908|1|1|
sollu|2011-03-19|49|phx-ana|2|0|13|2|876352533|1|1|
sollu|2011-03-19|50|dal-tor|2|3|8|2|876336410|1|1|
sollu|2011-03-19|51|was-car|2|0|15|2|876340836|1|1|
sollu|2011-03-19|52|fla-tbl|1|13|1|1|876316245|1|1|
sollu|2011-03-19|53|njd-nyi|1|2|2|X|876279375|-0.5|2|
sollu|2011-03-19|54|pit-phi|2|2|3|2|876419445|1|1|
sollu|2011-03-19|55|atl-nyr|1|7|0|1|876325041|1|1|
sollu|2011-03-19|56|det-nas|1|3|4|2|876315420|-0.5|1|
sollu|2011-03-19|57|stl-chi|2|2|4|2|876321383|1|1|
sollu|2011-03-19|58|cgy-van|2|0|5|2|876322263|1|1|
sollu|2011-03-19|60|cbj-min|1|6|1|1|876408433|1|1|
pescalune|2011-03-19|46|bos-ott|2|0|4|2|876326517|1|1|
pescalune|2011-03-19|47|mtl-buf|1|0|4|2|876320931|-0.5|1|
pescalune|2011-03-19|48|sjs-lak|1|10|1|1|876339908|1|1|
pescalune|2011-03-19|49|phx-ana|2|0|13|2|876352533|1|1|
pescalune|2011-03-19|51|was-car|2|0|15|2|876340836|1|1|
pescalune|2011-03-19|52|fla-tbl|1|13|1|1|876316245|1|1|
pescalune|2011-03-19|53|njd-nyi|1|2|2|X|876279375|-0.5|2|
pescalune|2011-03-19|54|pit-phi|2|2|3|2|876419445|1|1|
pescalune|2011-03-19|55|atl-nyr|1|7|0|1|876325041|1|1|
pescalune|2011-03-19|56|det-nas|2|3|4|2|876315420|1|1|
pescalune|2011-03-19|57|stl-chi|2|2|4|2|876321383|1|1|
pescalune|2011-03-19|58|cgy-van|2|0|5|2|876322263|1|1|
pescalune|2011-03-19|59|edm-col|2|0|13|2|876316653|1|1|
pescalune|2011-03-19|60|cbj-min|1|6|1|1|876408433|1|1|
snipper|2011-03-19|47|mtl-buf|X|0|4|2|876320931|-0.5|1|
snipper|2011-03-19|48|sjs-lak|X|10|1|1|876339908|-0.5|1|
snipper|2011-03-19|49|phx-ana|X|0|13|2|876352533|-0.5|1|
snipper|2011-03-19|50|dal-tor|X|3|8|2|876336410|-0.5|1|
snipper|2011-03-19|51|was-car|X|0|15|2|876340836|-0.5|1|
snipper|2011-03-19|52|fla-tbl|X|13|1|1|876316245|-0.5|1|
snipper|2011-03-19|53|njd-nyi|X|2|2|X|876279375|2|2|
snipper|2011-03-19|54|pit-phi|X|2|3|2|876419445|-0.5|1|
snipper|2011-03-19|55|atl-nyr|X|7|0|1|876325041|-0.5|1|
snipper|2011-03-19|56|det-nas|X|3|4|2|876315420|-0.5|1|
snipper|2011-03-19|57|stl-chi|X|2|4|2|876321383|-0.5|1|
snipper|2011-03-19|58|cgy-van|X|0|5|2|876322263|-0.5|1|
snipper|2011-03-19|59|edm-col|X|0|13|2|876316653|-0.5|1|
snipper|2011-03-19|60|cbj-min|X|6|1|1|876408433|-0.5|1|
delarocha|2011-03-19|47|mtl-buf|X|0|4|2|876320931|-0.5|1|
delarocha|2011-03-19|48|sjs-lak|1|10|1|1|876339908|1|1|
delarocha|2011-03-19|49|phx-ana|2|0|13|2|876352533|1|1|
delarocha|2011-03-19|50|dal-tor|2|3|8|2|876336410|1|1|
delarocha|2011-03-19|51|was-car|2|0|15|2|876340836|1|1|
delarocha|2011-03-19|52|fla-tbl|1|13|1|1|876316245|1|1|
delarocha|2011-03-19|53|njd-nyi|1|2|2|X|876279375|-0.5|2|
delarocha|2011-03-19|54|pit-phi|2|2|3|2|876419445|1|1|
delarocha|2011-03-19|55|atl-nyr|1|7|0|1|876325041|1|1|
delarocha|2011-03-19|56|det-nas|X|3|4|2|876315420|-0.5|1|
delarocha|2011-03-19|57|stl-chi|1|2|4|2|876321383|-0.5|1|
delarocha|2011-03-19|58|cgy-van|2|0|5|2|876322263|1|1|
delarocha|2011-03-19|59|edm-col|2|0|13|2|876316653|1|1|
delarocha|2011-03-19|60|cbj-min|1|6|1|1|876408433|1|1|
cpalo|2011-03-19|46|bos-ott|2|0|4|2|876326517|1|1|
cpalo|2011-03-19|47|mtl-buf|1|0|4|2|876320931|-0.5|1|
cpalo|2011-03-19|49|phx-ana|X|0|13|2|876352533|-0.5|1|
cpalo|2011-03-19|50|dal-tor|2|3|8|2|876336410|1|1|
cpalo|2011-03-19|51|was-car|2|0|15|2|876340836|1|1|
cpalo|2011-03-19|52|fla-tbl|1|13|1|1|876316245|1|1|
cpalo|2011-03-19|53|njd-nyi|1|2|2|X|876279375|-0.5|2|
cpalo|2011-03-19|54|pit-phi|2|2|3|2|876419445|1|1|
cpalo|2011-03-19|55|atl-nyr|1|7|0|1|876325041|1|1|
cpalo|2011-03-19|56|det-nas|2|3|4|2|876315420|1|1|
cpalo|2011-03-19|57|stl-chi|2|2|4|2|876321383|1|1|
cpalo|2011-03-19|58|cgy-van|2|0|5|2|876322263|1|1|
cpalo|2011-03-19|59|edm-col|2|0|13|2|876316653|1|1|
cpalo|2011-03-19|60|cbj-min|2|6|1|1|876408433|-0.5|1|
tomson|2011-03-19|46|bos-ott|2|0|4|2|876326517|1|1|
tomson|2011-03-19|47|mtl-buf|1|0|4|2|876320931|-0.5|1|
tomson|2011-03-19|48|sjs-lak|1|10|1|1|876339908|1|1|
tomson|2011-03-19|49|phx-ana|2|0|13|2|876352533|1|1|
tomson|2011-03-19|50|dal-tor|2|3|8|2|876336410|1|1|
tomson|2011-03-19|51|was-car|2|0|15|2|876340836|1|1|
tomson|2011-03-19|52|fla-tbl|1|13|1|1|876316245|1|1|
tomson|2011-03-19|53|njd-nyi|1|2|2|X|876279375|-0.5|2|
tomson|2011-03-19|55|atl-nyr|1|7|0|1|876325041|1|1|
tomson|2011-03-19|56|det-nas|2|3|4|2|876315420|1|1|
tomson|2011-03-19|57|stl-chi|1|2|4|2|876321383|-0.5|1|
tomson|2011-03-19|58|cgy-van|2|0|5|2|876322263|1|1|
tomson|2011-03-19|59|edm-col|2|0|13|2|876316653|1|1|
tomson|2011-03-19|60|cbj-min|1|6|1|1|876408433|1|1|
