globox|2011-04-02|106|ott-tor|1|2|1|1|876337736|1|1|
globox|2011-04-02|107|mtl-bos|1|11|2|1|876318760|1|1|
globox|2011-04-02|108|lak-dal|1|4|2|1|876325654|1|1|
globox|2011-04-02|109|phx-sjs|2|0|11|2|876341270|1|1|
globox|2011-04-02|110|ana-buf|1|5|1|1|876352548|1|1|
globox|2011-04-02|111|phi-col|2|1|3|2|876407761|1|1|
globox|2011-04-02|112|njd-van|1|9|1|1|876324250|1|1|
globox|2011-04-02|113|nyi-min|1|4|0|1|876280585|1|1|
globox|2011-04-02|115|nyr-edm|2|0|4|2|876345148|1|1|
globox|2011-04-02|116|det-fla|2|2|13|2|876315447|1|1|
globox|2011-04-02|117|chi-atl|2|2|1|1|876326585|-0.5|1|
globox|2011-04-02|118|stl-car|2|0|14|2|876340858|1|1|
globox|2011-04-02|119|nas-was|1|8|0|1|876315121|1|1|
globox|2011-04-02|120|cbj-tbl|1|14|0|1|876991604|1|1|
noel|2011-04-02|106|ott-tor|1|2|1|1|876337736|1|1|
noel|2011-04-02|107|mtl-bos|1|11|2|1|876318760|1|1|
noel|2011-04-02|108|lak-dal|1|4|2|1|876325654|1|1|
noel|2011-04-02|109|phx-sjs|2|0|11|2|876341270|1|1|
noel|2011-04-02|110|ana-buf|1|5|1|1|876352548|1|1|
noel|2011-04-02|112|njd-van|1|9|1|1|876324250|1|1|
noel|2011-04-02|113|nyi-min|1|4|0|1|876280585|1|1|
noel|2011-04-02|114|pit-cgy|1|4|0|1|876337256|1|1|
noel|2011-04-02|115|nyr-edm|2|0|4|2|876345148|1|1|
noel|2011-04-02|116|det-fla|2|2|13|2|876315447|1|1|
noel|2011-04-02|117|chi-atl|2|2|1|1|876326585|-0.5|1|
noel|2011-04-02|118|stl-car|1|0|14|2|876340858|-0.5|1|
noel|2011-04-02|119|nas-was|1|8|0|1|876315121|1|1|
noel|2011-04-02|120|cbj-tbl|1|14|0|1|876991604|1|1|
tomson|2011-04-02|106|ott-tor|1|2|1|1|876337736|1|1|
tomson|2011-04-02|107|mtl-bos|1|11|2|1|876318760|1|1|
tomson|2011-04-02|108|lak-dal|2|4|2|1|876325654|-0.5|1|
tomson|2011-04-02|109|phx-sjs|2|0|11|2|876341270|1|1|
tomson|2011-04-02|110|ana-buf|1|5|1|1|876352548|1|1|
tomson|2011-04-02|111|phi-col|2|1|3|2|876407761|1|1|
tomson|2011-04-02|112|njd-van|X|9|1|1|876324250|-0.5|1|
tomson|2011-04-02|113|nyi-min|1|4|0|1|876280585|1|1|
tomson|2011-04-02|115|nyr-edm|2|0|4|2|876345148|1|1|
tomson|2011-04-02|116|det-fla|2|2|13|2|876315447|1|1|
tomson|2011-04-02|117|chi-atl|2|2|1|1|876326585|-0.5|1|
tomson|2011-04-02|118|stl-car|2|0|14|2|876340858|1|1|
tomson|2011-04-02|119|nas-was|1|8|0|1|876315121|1|1|
tomson|2011-04-02|120|cbj-tbl|1|14|0|1|876991604|1|1|
pescalune|2011-04-02|106|ott-tor|1|2|1|1|876337736|1|1|
pescalune|2011-04-02|107|mtl-bos|1|11|2|1|876318760|1|1|
pescalune|2011-04-02|109|phx-sjs|2|0|11|2|876341270|1|1|
pescalune|2011-04-02|110|ana-buf|1|5|1|1|876352548|1|1|
pescalune|2011-04-02|111|phi-col|2|1|3|2|876407761|1|1|
pescalune|2011-04-02|112|njd-van|1|9|1|1|876324250|1|1|
pescalune|2011-04-02|113|nyi-min|1|4|0|1|876280585|1|1|
pescalune|2011-04-02|114|pit-cgy|1|4|0|1|876337256|1|1|
pescalune|2011-04-02|115|nyr-edm|2|0|4|2|876345148|1|1|
pescalune|2011-04-02|116|det-fla|2|2|13|2|876315447|1|1|
pescalune|2011-04-02|117|chi-atl|2|2|1|1|876326585|-0.5|1|
pescalune|2011-04-02|118|stl-car|2|0|14|2|876340858|1|1|
pescalune|2011-04-02|119|nas-was|1|8|0|1|876315121|1|1|
pescalune|2011-04-02|120|cbj-tbl|1|14|0|1|876991604|1|1|
delarocha|2011-04-02|107|mtl-bos|1|11|2|1|876318760|1|1|
delarocha|2011-04-02|108|lak-dal|X|4|2|1|876325654|-0.5|1|
delarocha|2011-04-02|109|phx-sjs|2|0|11|2|876341270|1|1|
delarocha|2011-04-02|110|ana-buf|1|5|1|1|876352548|1|1|
delarocha|2011-04-02|111|phi-col|2|1|3|2|876407761|1|1|
delarocha|2011-04-02|112|njd-van|1|9|1|1|876324250|1|1|
delarocha|2011-04-02|113|nyi-min|1|4|0|1|876280585|1|1|
delarocha|2011-04-02|114|pit-cgy|1|4|0|1|876337256|1|1|
delarocha|2011-04-02|115|nyr-edm|2|0|4|2|876345148|1|1|
delarocha|2011-04-02|116|det-fla|2|2|13|2|876315447|1|1|
delarocha|2011-04-02|117|chi-atl|2|2|1|1|876326585|-0.5|1|
delarocha|2011-04-02|118|stl-car|2|0|14|2|876340858|1|1|
delarocha|2011-04-02|119|nas-was|1|8|0|1|876315121|1|1|
delarocha|2011-04-02|120|cbj-tbl|1|14|0|1|876991604|1|1|
sollu|2011-04-02|106|ott-tor|1|2|1|1|876337736|1|1|
sollu|2011-04-02|107|mtl-bos|X|11|2|1|876318760|-0.5|1|
sollu|2011-04-02|108|lak-dal|1|4|2|1|876325654|1|1|
sollu|2011-04-02|109|phx-sjs|2|0|11|2|876341270|1|1|
sollu|2011-04-02|110|ana-buf|1|5|1|1|876352548|1|1|
sollu|2011-04-02|112|njd-van|1|9|1|1|876324250|1|1|
sollu|2011-04-02|113|nyi-min|1|4|0|1|876280585|1|1|
sollu|2011-04-02|114|pit-cgy|1|4|0|1|876337256|1|1|
sollu|2011-04-02|115|nyr-edm|2|0|4|2|876345148|1|1|
sollu|2011-04-02|116|det-fla|2|2|13|2|876315447|1|1|
sollu|2011-04-02|117|chi-atl|2|2|1|1|876326585|-0.5|1|
sollu|2011-04-02|118|stl-car|2|0|14|2|876340858|1|1|
sollu|2011-04-02|119|nas-was|1|8|0|1|876315121|1|1|
sollu|2011-04-02|120|cbj-tbl|1|14|0|1|876991604|1|1|
