globox|2011-03-20|61|bos-buf|2|0|6|2|876321619|1|1|
globox|2011-03-20|62|mtl-tor|2|2|2|X|876336412|-0.5|2|
globox|2011-03-20|63|sjs-ana|2|4|2|1|876352535|-0.5|1|
globox|2011-03-20|64|phx-dal|2|1|9|2|876325059|1|1|
globox|2011-03-20|65|lak-ott|2|2|6|2|876363225|1|1|
globox|2011-03-20|66|car-tbl|1|15|0|1|876340851|1|1|
globox|2011-03-20|67|fla-atl|2|3|4|2|876324980|1|1|
globox|2011-03-20|68|nyi-pit|1|9|0|1|876279361|1|1|
globox|2011-03-20|69|phi-nyr|1|5|0|1|876407176|1|1|
globox|2011-03-20|70|was-njd|2|0|11|2|876315745|1|1|
globox|2011-03-20|71|det-chi|2|3|6|2|876315461|1|1|
globox|2011-03-20|72|stl-cbj|1|8|1|1|876407859|1|1|
globox|2011-03-20|74|edm-min|1|0|2|2|876346857|-0.5|1|
globox|2011-03-20|75|van-nas|1|1|5|2|876321586|-0.5|1|
trsto|2011-03-20|61|bos-buf|2|0|6|2|876321619|1|1|
trsto|2011-03-20|62|mtl-tor|2|2|2|X|876336412|-0.5|2|
trsto|2011-03-20|63|sjs-ana|2|4|2|1|876352535|-0.5|1|
trsto|2011-03-20|64|phx-dal|2|1|9|2|876325059|1|1|
trsto|2011-03-20|65|lak-ott|2|2|6|2|876363225|1|1|
trsto|2011-03-20|66|car-tbl|1|15|0|1|876340851|1|1|
trsto|2011-03-20|67|fla-atl|1|3|4|2|876324980|-0.5|1|
trsto|2011-03-20|68|nyi-pit|1|9|0|1|876279361|1|1|
trsto|2011-03-20|69|phi-nyr|1|5|0|1|876407176|1|1|
trsto|2011-03-20|71|det-chi|2|3|6|2|876315461|1|1|
trsto|2011-03-20|72|stl-cbj|1|8|1|1|876407859|1|1|
trsto|2011-03-20|73|cgy-col|2|1|7|2|876315463|1|1|
trsto|2011-03-20|74|edm-min|1|0|2|2|876346857|-0.5|1|
trsto|2011-03-20|75|van-nas|2|1|5|2|876321586|1|1|
poliku|2011-03-20|61|bos-buf|2|0|6|2|876321619|1|1|
poliku|2011-03-20|62|mtl-tor|2|2|2|X|876336412|-0.5|2|
poliku|2011-03-20|63|sjs-ana|2|4|2|1|876352535|-0.5|1|
poliku|2011-03-20|64|phx-dal|2|1|9|2|876325059|1|1|
poliku|2011-03-20|65|lak-ott|2|2|6|2|876363225|1|1|
poliku|2011-03-20|67|fla-atl|1|3|4|2|876324980|-0.5|1|
poliku|2011-03-20|68|nyi-pit|1|9|0|1|876279361|1|1|
poliku|2011-03-20|69|phi-nyr|1|5|0|1|876407176|1|1|
poliku|2011-03-20|70|was-njd|2|0|11|2|876315745|1|1|
poliku|2011-03-20|71|det-chi|2|3|6|2|876315461|1|1|
poliku|2011-03-20|72|stl-cbj|1|8|1|1|876407859|1|1|
poliku|2011-03-20|73|cgy-col|2|1|7|2|876315463|1|1|
poliku|2011-03-20|74|edm-min|2|0|2|2|876346857|1|1|
poliku|2011-03-20|75|van-nas|2|1|5|2|876321586|1|1|
noel|2011-03-20|61|bos-buf|2|0|6|2|876321619|1|1|
noel|2011-03-20|62|mtl-tor|2|2|2|X|876336412|-0.5|2|
noel|2011-03-20|63|sjs-ana|2|4|2|1|876352535|-0.5|1|
noel|2011-03-20|64|phx-dal|2|1|9|2|876325059|1|1|
noel|2011-03-20|65|lak-ott|2|2|6|2|876363225|1|1|
noel|2011-03-20|66|car-tbl|1|15|0|1|876340851|1|1|
noel|2011-03-20|67|fla-atl|1|3|4|2|876324980|-0.5|1|
noel|2011-03-20|68|nyi-pit|1|9|0|1|876279361|1|1|
noel|2011-03-20|70|was-njd|2|0|11|2|876315745|1|1|
noel|2011-03-20|71|det-chi|2|3|6|2|876315461|1|1|
noel|2011-03-20|72|stl-cbj|1|8|1|1|876407859|1|1|
noel|2011-03-20|73|cgy-col|2|1|7|2|876315463|1|1|
noel|2011-03-20|74|edm-min|1|0|2|2|876346857|-0.5|1|
noel|2011-03-20|75|van-nas|1|1|5|2|876321586|-0.5|1|
delarocha|2011-03-20|61|bos-buf|2|0|6|2|876321619|1|1|
delarocha|2011-03-20|62|mtl-tor|2|2|2|X|876336412|-0.5|2|
delarocha|2011-03-20|63|sjs-ana|2|4|2|1|876352535|-0.5|1|
delarocha|2011-03-20|64|phx-dal|2|1|9|2|876325059|1|1|
delarocha|2011-03-20|66|car-tbl|2|15|0|1|876340851|-0.5|1|
delarocha|2011-03-20|67|fla-atl|2|3|4|2|876324980|1|1|
delarocha|2011-03-20|68|nyi-pit|1|9|0|1|876279361|1|1|
delarocha|2011-03-20|69|phi-nyr|1|5|0|1|876407176|1|1|
delarocha|2011-03-20|70|was-njd|2|0|11|2|876315745|1|1|
delarocha|2011-03-20|71|det-chi|2|3|6|2|876315461|1|1|
delarocha|2011-03-20|72|stl-cbj|1|8|1|1|876407859|1|1|
delarocha|2011-03-20|73|cgy-col|2|1|7|2|876315463|1|1|
delarocha|2011-03-20|74|edm-min|X|0|2|2|876346857|-0.5|1|
delarocha|2011-03-20|75|van-nas|2|1|5|2|876321586|1|1|
earlt|2011-03-20|61|bos-buf|2|0|6|2|876321619|1|1|
earlt|2011-03-20|62|mtl-tor|2|2|2|X|876336412|-0.5|2|
earlt|2011-03-20|64|phx-dal|2|1|9|2|876325059|1|1|
earlt|2011-03-20|65|lak-ott|2|2|6|2|876363225|1|1|
earlt|2011-03-20|66|car-tbl|1|15|0|1|876340851|1|1|
earlt|2011-03-20|67|fla-atl|1|3|4|2|876324980|-0.5|1|
earlt|2011-03-20|68|nyi-pit|1|9|0|1|876279361|1|1|
earlt|2011-03-20|69|phi-nyr|1|5|0|1|876407176|1|1|
earlt|2011-03-20|70|was-njd|2|0|11|2|876315745|1|1|
earlt|2011-03-20|71|det-chi|2|3|6|2|876315461|1|1|
earlt|2011-03-20|72|stl-cbj|1|8|1|1|876407859|1|1|
earlt|2011-03-20|73|cgy-col|2|1|7|2|876315463|1|1|
earlt|2011-03-20|74|edm-min|2|0|2|2|876346857|1|1|
earlt|2011-03-20|75|van-nas|2|1|5|2|876321586|1|1|
tomson|2011-03-20|61|bos-buf|2|0|6|2|876321619|1|1|
tomson|2011-03-20|62|mtl-tor|1|2|2|X|876336412|-0.5|2|
tomson|2011-03-20|63|sjs-ana|2|4|2|1|876352535|-0.5|1|
tomson|2011-03-20|64|phx-dal|2|1|9|2|876325059|1|1|
tomson|2011-03-20|65|lak-ott|2|2|6|2|876363225|1|1|
tomson|2011-03-20|66|car-tbl|1|15|0|1|876340851|1|1|
tomson|2011-03-20|67|fla-atl|1|3|4|2|876324980|-0.5|1|
tomson|2011-03-20|69|phi-nyr|1|5|0|1|876407176|1|1|
tomson|2011-03-20|70|was-njd|2|0|11|2|876315745|1|1|
tomson|2011-03-20|71|det-chi|2|3|6|2|876315461|1|1|
tomson|2011-03-20|72|stl-cbj|1|8|1|1|876407859|1|1|
tomson|2011-03-20|73|cgy-col|2|1|7|2|876315463|1|1|
tomson|2011-03-20|74|edm-min|2|0|2|2|876346857|1|1|
tomson|2011-03-20|75|van-nas|1|1|5|2|876321586|-0.5|1|
misko|2011-03-20|61|bos-buf|2|0|6|2|876321619|1|1|
misko|2011-03-20|62|mtl-tor|2|2|2|X|876336412|-0.5|2|
misko|2011-03-20|63|sjs-ana|2|4|2|1|876352535|-0.5|1|
misko|2011-03-20|64|phx-dal|2|1|9|2|876325059|1|1|
misko|2011-03-20|65|lak-ott|2|2|6|2|876363225|1|1|
misko|2011-03-20|66|car-tbl|1|15|0|1|876340851|1|1|
misko|2011-03-20|67|fla-atl|1|3|4|2|876324980|-0.5|1|
misko|2011-03-20|68|nyi-pit|1|9|0|1|876279361|1|1|
misko|2011-03-20|69|phi-nyr|1|5|0|1|876407176|1|1|
misko|2011-03-20|70|was-njd|2|0|11|2|876315745|1|1|
misko|2011-03-20|72|stl-cbj|1|8|1|1|876407859|1|1|
misko|2011-03-20|73|cgy-col|2|1|7|2|876315463|1|1|
misko|2011-03-20|74|edm-min|X|0|2|2|876346857|-0.5|1|
misko|2011-03-20|75|van-nas|1|1|5|2|876321586|-0.5|1|
cpalo|2011-03-20|61|bos-buf|2|0|6|2|876321619|1|1|
cpalo|2011-03-20|62|mtl-tor|1|2|2|X|876336412|-0.5|2|
cpalo|2011-03-20|63|sjs-ana|1|4|2|1|876352535|1|1|
cpalo|2011-03-20|64|phx-dal|1|1|9|2|876325059|-0.5|1|
cpalo|2011-03-20|66|car-tbl|1|15|0|1|876340851|1|1|
cpalo|2011-03-20|67|fla-atl|2|3|4|2|876324980|1|1|
cpalo|2011-03-20|68|nyi-pit|1|9|0|1|876279361|1|1|
cpalo|2011-03-20|69|phi-nyr|1|5|0|1|876407176|1|1|
cpalo|2011-03-20|70|was-njd|2|0|11|2|876315745|1|1|
cpalo|2011-03-20|71|det-chi|1|3|6|2|876315461|-0.5|1|
cpalo|2011-03-20|72|stl-cbj|1|8|1|1|876407859|1|1|
cpalo|2011-03-20|73|cgy-col|2|1|7|2|876315463|1|1|
cpalo|2011-03-20|74|edm-min|2|0|2|2|876346857|1|1|
cpalo|2011-03-20|75|van-nas|2|1|5|2|876321586|1|1|
sollu|2011-03-20|61|bos-buf|2|0|6|2|876321619|1|1|
sollu|2011-03-20|62|mtl-tor|2|2|2|X|876336412|-0.5|2|
sollu|2011-03-20|63|sjs-ana|1|4|2|1|876352535|1|1|
sollu|2011-03-20|64|phx-dal|1|1|9|2|876325059|-0.5|1|
sollu|2011-03-20|65|lak-ott|2|2|6|2|876363225|1|1|
sollu|2011-03-20|66|car-tbl|1|15|0|1|876340851|1|1|
sollu|2011-03-20|67|fla-atl|1|3|4|2|876324980|-0.5|1|
sollu|2011-03-20|68|nyi-pit|1|9|0|1|876279361|1|1|
sollu|2011-03-20|69|phi-nyr|1|5|0|1|876407176|1|1|
sollu|2011-03-20|70|was-njd|2|0|11|2|876315745|1|1|
sollu|2011-03-20|71|det-chi|2|3|6|2|876315461|1|1|
sollu|2011-03-20|72|stl-cbj|1|8|1|1|876407859|1|1|
sollu|2011-03-20|74|edm-min|2|0|2|2|876346857|1|1|
sollu|2011-03-20|75|van-nas|1|1|5|2|876321586|-0.5|1|
pescalune|2011-03-20|61|bos-buf|2|0|6|2|876321619|1|1|
pescalune|2011-03-20|62|mtl-tor|2|2|2|X|876336412|-0.5|2|
pescalune|2011-03-20|63|sjs-ana|2|4|2|1|876352535|-0.5|1|
pescalune|2011-03-20|65|lak-ott|2|2|6|2|876363225|1|1|
pescalune|2011-03-20|66|car-tbl|1|15|0|1|876340851|1|1|
pescalune|2011-03-20|67|fla-atl|1|3|4|2|876324980|-0.5|1|
pescalune|2011-03-20|68|nyi-pit|1|9|0|1|876279361|1|1|
pescalune|2011-03-20|69|phi-nyr|1|5|0|1|876407176|1|1|
pescalune|2011-03-20|70|was-njd|2|0|11|2|876315745|1|1|
pescalune|2011-03-20|71|det-chi|2|3|6|2|876315461|1|1|
pescalune|2011-03-20|72|stl-cbj|1|8|1|1|876407859|1|1|
pescalune|2011-03-20|73|cgy-col|2|1|7|2|876315463|1|1|
pescalune|2011-03-20|74|edm-min|1|0|2|2|876346857|-0.5|1|
pescalune|2011-03-20|75|van-nas|1|1|5|2|876321586|-0.5|1|
snipper|2011-03-20|62|mtl-tor|X|2|2|X|876336412|2|2|
snipper|2011-03-20|63|sjs-ana|X|4|2|1|876352535|-0.5|1|
snipper|2011-03-20|64|phx-dal|X|1|9|2|876325059|-0.5|1|
snipper|2011-03-20|65|lak-ott|X|2|6|2|876363225|-0.5|1|
snipper|2011-03-20|66|car-tbl|X|15|0|1|876340851|-0.5|1|
snipper|2011-03-20|67|fla-atl|X|3|4|2|876324980|-0.5|1|
snipper|2011-03-20|68|nyi-pit|X|9|0|1|876279361|-0.5|1|
snipper|2011-03-20|69|phi-nyr|X|5|0|1|876407176|-0.5|1|
snipper|2011-03-20|70|was-njd|X|0|11|2|876315745|-0.5|1|
snipper|2011-03-20|71|det-chi|X|3|6|2|876315461|-0.5|1|
snipper|2011-03-20|72|stl-cbj|X|8|1|1|876407859|-0.5|1|
snipper|2011-03-20|73|cgy-col|X|1|7|2|876315463|-0.5|1|
snipper|2011-03-20|74|edm-min|X|0|2|2|876346857|-0.5|1|
snipper|2011-03-20|75|van-nas|X|1|5|2|876321586|-0.5|1|
