poliku|2011-03-13|31|was-fla|2|0|15|2|876315027|1|1|
poliku|2011-03-13|33|phi-njd|2|1|4|2|876408560|1|1|
poliku|2011-03-13|34|nyr-pit|2|1|3|2|876352647|1|1|
poliku|2011-03-13|35|car-nyi|1|4|1|1|876340833|1|1|
poliku|2011-03-13|36|col-ana|1|2|3|2|876352532|-0.5|1|
poliku|2011-03-13|37|van-phx|1|2|0|1|876322621|1|1|
poliku|2011-03-13|38|min-sjs|2|2|12|2|876337839|1|1|
poliku|2011-03-13|39|cgy-dal|2|0|7|2|876325964|1|1|
poliku|2011-03-13|40|edm-lak|2|0|8|2|876414586|1|1|
poliku|2011-03-13|41|det-ott|2|1|5|2|876319973|1|1|
poliku|2011-03-13|42|chi-tor|1|3|2|1|876337517|1|1|
poliku|2011-03-13|43|stl-mtl|1|2|1|1|876316438|1|1|
poliku|2011-03-13|44|nas-bos|1|5|0|1|876318759|1|1|
poliku|2011-03-13|45|cbj-buf|1|7|2|1|876407507|1|1|
misko|2011-03-13|31|was-fla|2|0|15|2|876315027|1|1|
misko|2011-03-13|32|tbl-atl|2|1|13|2|876325280|1|1|
misko|2011-03-13|33|phi-njd|2|1|4|2|876408560|1|1|
misko|2011-03-13|34|nyr-pit|2|1|3|2|876352647|1|1|
misko|2011-03-13|35|car-nyi|2|4|1|1|876340833|-0.5|1|
misko|2011-03-13|36|col-ana|1|2|3|2|876352532|-0.5|1|
misko|2011-03-13|37|van-phx|1|2|0|1|876322621|1|1|
misko|2011-03-13|38|min-sjs|2|2|12|2|876337839|1|1|
misko|2011-03-13|39|cgy-dal|2|0|7|2|876325964|1|1|
misko|2011-03-13|40|edm-lak|X|0|8|2|876414586|-0.5|1|
misko|2011-03-13|42|chi-tor|1|3|2|1|876337517|1|1|
misko|2011-03-13|43|stl-mtl|1|2|1|1|876316438|1|1|
misko|2011-03-13|44|nas-bos|1|5|0|1|876318759|1|1|
misko|2011-03-13|45|cbj-buf|2|7|2|1|876407507|-0.5|1|
globox|2011-03-13|31|was-fla|2|0|15|2|876315027|1|1|
globox|2011-03-13|32|tbl-atl|2|1|13|2|876325280|1|1|
globox|2011-03-13|33|phi-njd|2|1|4|2|876408560|1|1|
globox|2011-03-13|34|nyr-pit|2|1|3|2|876352647|1|1|
globox|2011-03-13|35|car-nyi|1|4|1|1|876340833|1|1|
globox|2011-03-13|36|col-ana|X|2|3|2|876352532|-0.5|1|
globox|2011-03-13|37|van-phx|1|2|0|1|876322621|1|1|
globox|2011-03-13|38|min-sjs|2|2|12|2|876337839|1|1|
globox|2011-03-13|40|edm-lak|X|0|8|2|876414586|-0.5|1|
globox|2011-03-13|41|det-ott|2|1|5|2|876319973|1|1|
globox|2011-03-13|42|chi-tor|1|3|2|1|876337517|1|1|
globox|2011-03-13|43|stl-mtl|1|2|1|1|876316438|1|1|
globox|2011-03-13|44|nas-bos|1|5|0|1|876318759|1|1|
globox|2011-03-13|45|cbj-buf|1|7|2|1|876407507|1|1|
delarocha|2011-03-13|31|was-fla|2|0|15|2|876315027|1|1|
delarocha|2011-03-13|32|tbl-atl|2|1|13|2|876325280|1|1|
delarocha|2011-03-13|33|phi-njd|2|1|4|2|876408560|1|1|
delarocha|2011-03-13|34|nyr-pit|2|1|3|2|876352647|1|1|
delarocha|2011-03-13|35|car-nyi|X|4|1|1|876340833|-0.5|1|
delarocha|2011-03-13|36|col-ana|2|2|3|2|876352532|1|1|
delarocha|2011-03-13|37|van-phx|1|2|0|1|876322621|1|1|
delarocha|2011-03-13|38|min-sjs|2|2|12|2|876337839|1|1|
delarocha|2011-03-13|39|cgy-dal|2|0|7|2|876325964|1|1|
delarocha|2011-03-13|40|edm-lak|X|0|8|2|876414586|-0.5|1|
delarocha|2011-03-13|42|chi-tor|1|3|2|1|876337517|1|1|
delarocha|2011-03-13|43|stl-mtl|1|2|1|1|876316438|1|1|
delarocha|2011-03-13|44|nas-bos|1|5|0|1|876318759|1|1|
delarocha|2011-03-13|45|cbj-buf|2|7|2|1|876407507|-0.5|1|
trsto|2011-03-13|31|was-fla|2|0|15|2|876315027|1|1|
trsto|2011-03-13|32|tbl-atl|2|1|13|2|876325280|1|1|
trsto|2011-03-13|34|nyr-pit|2|1|3|2|876352647|1|1|
trsto|2011-03-13|35|car-nyi|1|4|1|1|876340833|1|1|
trsto|2011-03-13|36|col-ana|2|2|3|2|876352532|1|1|
trsto|2011-03-13|37|van-phx|1|2|0|1|876322621|1|1|
trsto|2011-03-13|38|min-sjs|2|2|12|2|876337839|1|1|
trsto|2011-03-13|39|cgy-dal|2|0|7|2|876325964|1|1|
trsto|2011-03-13|40|edm-lak|2|0|8|2|876414586|1|1|
trsto|2011-03-13|41|det-ott|1|1|5|2|876319973|-0.5|1|
trsto|2011-03-13|42|chi-tor|1|3|2|1|876337517|1|1|
trsto|2011-03-13|43|stl-mtl|1|2|1|1|876316438|1|1|
trsto|2011-03-13|44|nas-bos|1|5|0|1|876318759|1|1|
trsto|2011-03-13|45|cbj-buf|X|7|2|1|876407507|-0.5|1|
cpalo|2011-03-13|31|was-fla|2|0|15|2|876315027|1|1|
cpalo|2011-03-13|32|tbl-atl|2|1|13|2|876325280|1|1|
cpalo|2011-03-13|33|phi-njd|X|1|4|2|876408560|-0.5|1|
cpalo|2011-03-13|34|nyr-pit|2|1|3|2|876352647|1|1|
cpalo|2011-03-13|35|car-nyi|2|4|1|1|876340833|-0.5|1|
cpalo|2011-03-13|36|col-ana|X|2|3|2|876352532|-0.5|1|
cpalo|2011-03-13|37|van-phx|1|2|0|1|876322621|1|1|
cpalo|2011-03-13|38|min-sjs|2|2|12|2|876337839|1|1|
cpalo|2011-03-13|39|cgy-dal|2|0|7|2|876325964|1|1|
cpalo|2011-03-13|41|det-ott|1|1|5|2|876319973|-0.5|1|
cpalo|2011-03-13|42|chi-tor|2|3|2|1|876337517|-0.5|1|
cpalo|2011-03-13|43|stl-mtl|2|2|1|1|876316438|-0.5|1|
cpalo|2011-03-13|44|nas-bos|1|5|0|1|876318759|1|1|
cpalo|2011-03-13|45|cbj-buf|2|7|2|1|876407507|-0.5|1|
noel|2011-03-13|31|was-fla|2|0|15|2|876315027|1|1|
noel|2011-03-13|32|tbl-atl|2|1|13|2|876325280|1|1|
noel|2011-03-13|34|nyr-pit|2|1|3|2|876352647|1|1|
noel|2011-03-13|35|car-nyi|2|4|1|1|876340833|-0.5|1|
noel|2011-03-13|36|col-ana|1|2|3|2|876352532|-0.5|1|
noel|2011-03-13|37|van-phx|1|2|0|1|876322621|1|1|
noel|2011-03-13|38|min-sjs|2|2|12|2|876337839|1|1|
noel|2011-03-13|39|cgy-dal|2|0|7|2|876325964|1|1|
noel|2011-03-13|40|edm-lak|1|0|8|2|876414586|-0.5|1|
noel|2011-03-13|41|det-ott|2|1|5|2|876319973|1|1|
noel|2011-03-13|42|chi-tor|1|3|2|1|876337517|1|1|
noel|2011-03-13|43|stl-mtl|1|2|1|1|876316438|1|1|
noel|2011-03-13|44|nas-bos|1|5|0|1|876318759|1|1|
noel|2011-03-13|45|cbj-buf|1|7|2|1|876407507|1|1|
pescalune|2011-03-13|31|was-fla|2|0|15|2|876315027|1|1|
pescalune|2011-03-13|32|tbl-atl|2|1|13|2|876325280|1|1|
pescalune|2011-03-13|33|phi-njd|2|1|4|2|876408560|1|1|
pescalune|2011-03-13|34|nyr-pit|2|1|3|2|876352647|1|1|
pescalune|2011-03-13|35|car-nyi|1|4|1|1|876340833|1|1|
pescalune|2011-03-13|36|col-ana|2|2|3|2|876352532|1|1|
pescalune|2011-03-13|37|van-phx|1|2|0|1|876322621|1|1|
pescalune|2011-03-13|38|min-sjs|2|2|12|2|876337839|1|1|
pescalune|2011-03-13|40|edm-lak|X|0|8|2|876414586|-0.5|1|
pescalune|2011-03-13|41|det-ott|2|1|5|2|876319973|1|1|
pescalune|2011-03-13|42|chi-tor|2|3|2|1|876337517|-0.5|1|
pescalune|2011-03-13|43|stl-mtl|1|2|1|1|876316438|1|1|
pescalune|2011-03-13|44|nas-bos|1|5|0|1|876318759|1|1|
pescalune|2011-03-13|45|cbj-buf|2|7|2|1|876407507|-0.5|1|
tomson|2011-03-13|31|was-fla|2|0|15|2|876315027|1|1|
tomson|2011-03-13|32|tbl-atl|2|1|13|2|876325280|1|1|
tomson|2011-03-13|33|phi-njd|2|1|4|2|876408560|1|1|
tomson|2011-03-13|35|car-nyi|1|4|1|1|876340833|1|1|
tomson|2011-03-13|36|col-ana|1|2|3|2|876352532|-0.5|1|
tomson|2011-03-13|37|van-phx|1|2|0|1|876322621|1|1|
tomson|2011-03-13|38|min-sjs|2|2|12|2|876337839|1|1|
tomson|2011-03-13|39|cgy-dal|2|0|7|2|876325964|1|1|
tomson|2011-03-13|40|edm-lak|2|0|8|2|876414586|1|1|
tomson|2011-03-13|41|det-ott|2|1|5|2|876319973|1|1|
tomson|2011-03-13|42|chi-tor|1|3|2|1|876337517|1|1|
tomson|2011-03-13|43|stl-mtl|1|2|1|1|876316438|1|1|
tomson|2011-03-13|44|nas-bos|1|5|0|1|876318759|1|1|
tomson|2011-03-13|45|cbj-buf|1|7|2|1|876407507|1|1|
earlt|2011-03-13|31|was-fla|2|0|15|2|876315027|1|1|
earlt|2011-03-13|32|tbl-atl|2|1|13|2|876325280|1|1|
earlt|2011-03-13|33|phi-njd|2|1|4|2|876408560|1|1|
earlt|2011-03-13|34|nyr-pit|2|1|3|2|876352647|1|1|
earlt|2011-03-13|35|car-nyi|1|4|1|1|876340833|1|1|
earlt|2011-03-13|36|col-ana|2|2|3|2|876352532|1|1|
earlt|2011-03-13|37|van-phx|1|2|0|1|876322621|1|1|
earlt|2011-03-13|39|cgy-dal|2|0|7|2|876325964|1|1|
earlt|2011-03-13|40|edm-lak|2|0|8|2|876414586|1|1|
earlt|2011-03-13|41|det-ott|2|1|5|2|876319973|1|1|
earlt|2011-03-13|42|chi-tor|1|3|2|1|876337517|1|1|
earlt|2011-03-13|43|stl-mtl|1|2|1|1|876316438|1|1|
earlt|2011-03-13|44|nas-bos|1|5|0|1|876318759|1|1|
earlt|2011-03-13|45|cbj-buf|1|7|2|1|876407507|1|1|
snipper|2011-03-13|31|was-fla|X|0|15|2|876315027|-0.5|1|
snipper|2011-03-13|32|tbl-atl|X|1|13|2|876325280|-0.5|1|
snipper|2011-03-13|33|phi-njd|X|1|4|2|876408560|-0.5|1|
snipper|2011-03-13|34|nyr-pit|X|1|3|2|876352647|-0.5|1|
snipper|2011-03-13|35|car-nyi|X|4|1|1|876340833|-0.5|1|
snipper|2011-03-13|36|col-ana|X|2|3|2|876352532|-0.5|1|
snipper|2011-03-13|37|van-phx|X|2|0|1|876322621|-0.5|1|
snipper|2011-03-13|38|min-sjs|X|2|12|2|876337839|-0.5|1|
snipper|2011-03-13|39|cgy-dal|X|0|7|2|876325964|-0.5|1|
snipper|2011-03-13|40|edm-lak|X|0|8|2|876414586|-0.5|1|
snipper|2011-03-13|41|det-ott|X|1|5|2|876319973|-0.5|1|
snipper|2011-03-13|42|chi-tor|X|3|2|1|876337517|-0.5|1|
snipper|2011-03-13|43|stl-mtl|X|2|1|1|876316438|-0.5|1|
snipper|2011-03-13|45|cbj-buf|X|7|2|1|876407507|-0.5|1|
sollu|2011-03-13|31|was-fla|2|0|15|2|876315027|1|1|
sollu|2011-03-13|32|tbl-atl|2|1|13|2|876325280|1|1|
sollu|2011-03-13|33|phi-njd|1|1|4|2|876408560|-0.5|1|
sollu|2011-03-13|34|nyr-pit|2|1|3|2|876352647|1|1|
sollu|2011-03-13|35|car-nyi|1|4|1|1|876340833|1|1|
sollu|2011-03-13|37|van-phx|1|2|0|1|876322621|1|1|
sollu|2011-03-13|38|min-sjs|2|2|12|2|876337839|1|1|
sollu|2011-03-13|39|cgy-dal|1|0|7|2|876325964|-0.5|1|
sollu|2011-03-13|40|edm-lak|2|0|8|2|876414586|1|1|
sollu|2011-03-13|41|det-ott|X|1|5|2|876319973|-0.5|1|
sollu|2011-03-13|42|chi-tor|1|3|2|1|876337517|1|1|
sollu|2011-03-13|43|stl-mtl|1|2|1|1|876316438|1|1|
sollu|2011-03-13|44|nas-bos|1|5|0|1|876318759|1|1|
sollu|2011-03-13|45|cbj-buf|1|7|2|1|876407507|1|1|
