globox|2011-04-24|1009|tor-atl|2|3|4|2|877113712|1|1|
globox|2011-04-24|1010|phi-njd|2|2|9|2|877114152|1|1|
globox|2011-04-24|1011|nyi-buf|1|4|1|1|877114770|1|1|
globox|2011-04-24|1012|car-fla|2|6|5|1|877114583|-0.5|1|
globox|2011-04-24|1013|lak-ana|2|2|5|2|877115148|1|1|
globox|2011-04-24|1014|stl-col|2|2|8|2|877113409|1|1|
globox|2011-04-24|1015|chi-cbj|1|2|0|1|877115781|1|1|
globox|2011-04-24|1016|nas-sjs|2|3|5|2|877118635|1|1|
pescalune|2011-04-24|1009|tor-atl|2|3|4|2|877113712|1|1|
pescalune|2011-04-24|1010|phi-njd|2|2|9|2|877114152|1|1|
pescalune|2011-04-24|1011|nyi-buf|1|4|1|1|877114770|1|1|
pescalune|2011-04-24|1012|car-fla|2|6|5|1|877114583|-0.5|1|
pescalune|2011-04-24|1013|lak-ana|2|2|5|2|877115148|1|1|
pescalune|2011-04-24|1014|stl-col|2|2|8|2|877113409|1|1|
pescalune|2011-04-24|1015|chi-cbj|1|2|0|1|877115781|1|1|
pescalune|2011-04-24|1016|nas-sjs|2|3|5|2|877118635|1|1|
earlt|2011-04-24|1009|tor-atl|2|3|4|2|877113712|1|1|
earlt|2011-04-24|1010|phi-njd|2|2|9|2|877114152|1|1|
earlt|2011-04-24|1011|nyi-buf|1|4|1|1|877114770|1|1|
earlt|2011-04-24|1012|car-fla|1|6|5|1|877114583|1|1|
earlt|2011-04-24|1013|lak-ana|2|2|5|2|877115148|1|1|
earlt|2011-04-24|1014|stl-col|2|2|8|2|877113409|1|1|
earlt|2011-04-24|1015|chi-cbj|1|2|0|1|877115781|1|1|
sollu|2011-04-24|1009|tor-atl|2|3|4|2|877113712|1|1|
sollu|2011-04-24|1010|phi-njd|2|2|9|2|877114152|1|1|
sollu|2011-04-24|1011|nyi-buf|1|4|1|1|877114770|1|1|
sollu|2011-04-24|1012|car-fla|2|6|5|1|877114583|-0.5|1|
sollu|2011-04-24|1013|lak-ana|2|2|5|2|877115148|1|1|
sollu|2011-04-24|1015|chi-cbj|2|2|0|1|877115781|-0.5|1|
sollu|2011-04-24|1016|nas-sjs|2|3|5|2|877118635|1|1|
delarocha|2011-04-24|1009|tor-atl|2|3|4|2|877113712|1|1|
delarocha|2011-04-24|1010|phi-njd|2|2|9|2|877114152|1|1|
delarocha|2011-04-24|1011|nyi-buf|1|4|1|1|877114770|1|1|
delarocha|2011-04-24|1012|car-fla|1|6|5|1|877114583|1|1|
delarocha|2011-04-24|1013|lak-ana|2|2|5|2|877115148|1|1|
delarocha|2011-04-24|1014|stl-col|1|2|8|2|877113409|-0.5|1|
delarocha|2011-04-24|1015|chi-cbj|1|2|0|1|877115781|1|1|
delarocha|2011-04-24|1016|nas-sjs|2|3|5|2|877118635|1|1|
