poliku|2011-04-03|121|bos-tor|2|1|7|2|876336418|1|1|
poliku|2011-04-03|122|ott-buf|1|4|4|X|876340656|-0.5|2|
poliku|2011-04-03|123|sjs-dal|1|6|1|1|876340485|1|1|
poliku|2011-04-03|124|lak-ana|2|2|5|2|876372351|1|1|
poliku|2011-04-03|125|mtl-phx|1|9|1|1|876322624|1|1|
poliku|2011-04-03|126|car-atl|1|1|1|X|876340859|-0.5|2|
poliku|2011-04-03|128|nyi-nyr|1|12|1|1|876282759|1|1|
poliku|2011-04-03|129|njd-pit|1|9|1|1|876326597|1|1|
poliku|2011-04-03|130|fla-phi|1|4|2|1|876407185|1|1|
poliku|2011-04-03|131|det-cbj|2|2|4|2|876408183|1|1|
poliku|2011-04-03|132|nas-chi|1|3|2|1|876315329|1|1|
poliku|2011-04-03|133|cgy-min|2|0|5|2|876337840|1|1|
poliku|2011-04-03|134|van-col|2|0|4|2|876314935|1|1|
poliku|2011-04-03|135|edm-stl|2|0|4|2|876316655|1|1|
noel|2011-04-03|121|bos-tor|2|1|7|2|876336418|1|1|
noel|2011-04-03|122|ott-buf|1|4|4|X|876340656|-0.5|2|
noel|2011-04-03|123|sjs-dal|1|6|1|1|876340485|1|1|
noel|2011-04-03|124|lak-ana|2|2|5|2|876372351|1|1|
noel|2011-04-03|125|mtl-phx|1|9|1|1|876322624|1|1|
noel|2011-04-03|126|car-atl|1|1|1|X|876340859|-0.5|2|
noel|2011-04-03|127|was-tbl|2|4|1|1|876316246|-0.5|1|
noel|2011-04-03|128|nyi-nyr|1|12|1|1|876282759|1|1|
noel|2011-04-03|129|njd-pit|1|9|1|1|876326597|1|1|
noel|2011-04-03|131|det-cbj|2|2|4|2|876408183|1|1|
noel|2011-04-03|132|nas-chi|2|3|2|1|876315329|-0.5|1|
noel|2011-04-03|133|cgy-min|2|0|5|2|876337840|1|1|
noel|2011-04-03|134|van-col|2|0|4|2|876314935|1|1|
noel|2011-04-03|135|edm-stl|1|0|4|2|876316655|-0.5|1|
globox|2011-04-03|121|bos-tor|2|1|7|2|876336418|1|1|
globox|2011-04-03|122|ott-buf|1|4|4|X|876340656|-0.5|2|
globox|2011-04-03|123|sjs-dal|1|6|1|1|876340485|1|1|
globox|2011-04-03|124|lak-ana|2|2|5|2|876372351|1|1|
globox|2011-04-03|125|mtl-phx|1|9|1|1|876322624|1|1|
globox|2011-04-03|126|car-atl|2|1|1|X|876340859|-0.5|2|
globox|2011-04-03|127|was-tbl|2|4|1|1|876316246|-0.5|1|
globox|2011-04-03|128|nyi-nyr|1|12|1|1|876282759|1|1|
globox|2011-04-03|129|njd-pit|1|9|1|1|876326597|1|1|
globox|2011-04-03|130|fla-phi|1|4|2|1|876407185|1|1|
globox|2011-04-03|131|det-cbj|1|2|4|2|876408183|-0.5|1|
globox|2011-04-03|132|nas-chi|2|3|2|1|876315329|-0.5|1|
globox|2011-04-03|134|van-col|2|0|4|2|876314935|1|1|
globox|2011-04-03|135|edm-stl|2|0|4|2|876316655|1|1|
snipper|2011-04-03|122|ott-buf|X|4|4|X|876340656|2|2|
snipper|2011-04-03|123|sjs-dal|X|6|1|1|876340485|-0.5|1|
snipper|2011-04-03|124|lak-ana|X|2|5|2|876372351|-0.5|1|
snipper|2011-04-03|125|mtl-phx|X|9|1|1|876322624|-0.5|1|
snipper|2011-04-03|126|car-atl|X|1|1|X|876340859|2|2|
snipper|2011-04-03|127|was-tbl|X|4|1|1|876316246|-0.5|1|
snipper|2011-04-03|128|nyi-nyr|X|12|1|1|876282759|-0.5|1|
snipper|2011-04-03|129|njd-pit|X|9|1|1|876326597|-0.5|1|
snipper|2011-04-03|130|fla-phi|X|4|2|1|876407185|-0.5|1|
snipper|2011-04-03|131|det-cbj|X|2|4|2|876408183|-0.5|1|
snipper|2011-04-03|132|nas-chi|X|3|2|1|876315329|-0.5|1|
snipper|2011-04-03|133|cgy-min|X|0|5|2|876337840|-0.5|1|
snipper|2011-04-03|134|van-col|X|0|4|2|876314935|-0.5|1|
snipper|2011-04-03|135|edm-stl|X|0|4|2|876316655|-0.5|1|
earlt|2011-04-03|121|bos-tor|2|1|7|2|876336418|1|1|
earlt|2011-04-03|122|ott-buf|2|4|4|X|876340656|-0.5|2|
earlt|2011-04-03|124|lak-ana|2|2|5|2|876372351|1|1|
earlt|2011-04-03|125|mtl-phx|1|9|1|1|876322624|1|1|
earlt|2011-04-03|126|car-atl|2|1|1|X|876340859|-0.5|2|
earlt|2011-04-03|127|was-tbl|2|4|1|1|876316246|-0.5|1|
earlt|2011-04-03|128|nyi-nyr|1|12|1|1|876282759|1|1|
earlt|2011-04-03|129|njd-pit|1|9|1|1|876326597|1|1|
earlt|2011-04-03|130|fla-phi|1|4|2|1|876407185|1|1|
earlt|2011-04-03|131|det-cbj|2|2|4|2|876408183|1|1|
earlt|2011-04-03|132|nas-chi|2|3|2|1|876315329|-0.5|1|
earlt|2011-04-03|133|cgy-min|2|0|5|2|876337840|1|1|
earlt|2011-04-03|134|van-col|2|0|4|2|876314935|1|1|
earlt|2011-04-03|135|edm-stl|2|0|4|2|876316655|1|1|
tomson|2011-04-03|121|bos-tor|2|1|7|2|876336418|1|1|
tomson|2011-04-03|122|ott-buf|1|4|4|X|876340656|-0.5|2|
tomson|2011-04-03|123|sjs-dal|1|6|1|1|876340485|1|1|
tomson|2011-04-03|124|lak-ana|2|2|5|2|876372351|1|1|
tomson|2011-04-03|125|mtl-phx|1|9|1|1|876322624|1|1|
tomson|2011-04-03|126|car-atl|2|1|1|X|876340859|-0.5|2|
tomson|2011-04-03|127|was-tbl|1|4|1|1|876316246|1|1|
tomson|2011-04-03|128|nyi-nyr|1|12|1|1|876282759|1|1|
tomson|2011-04-03|130|fla-phi|1|4|2|1|876407185|1|1|
tomson|2011-04-03|131|det-cbj|2|2|4|2|876408183|1|1|
tomson|2011-04-03|132|nas-chi|2|3|2|1|876315329|-0.5|1|
tomson|2011-04-03|133|cgy-min|2|0|5|2|876337840|1|1|
tomson|2011-04-03|134|van-col|2|0|4|2|876314935|1|1|
tomson|2011-04-03|135|edm-stl|2|0|4|2|876316655|1|1|
pescalune|2011-04-03|121|bos-tor|2|1|7|2|876336418|1|1|
pescalune|2011-04-03|122|ott-buf|1|4|4|X|876340656|-0.5|2|
pescalune|2011-04-03|124|lak-ana|2|2|5|2|876372351|1|1|
pescalune|2011-04-03|125|mtl-phx|1|9|1|1|876322624|1|1|
pescalune|2011-04-03|126|car-atl|2|1|1|X|876340859|-0.5|2|
pescalune|2011-04-03|127|was-tbl|X|4|1|1|876316246|-0.5|1|
pescalune|2011-04-03|128|nyi-nyr|1|12|1|1|876282759|1|1|
pescalune|2011-04-03|129|njd-pit|1|9|1|1|876326597|1|1|
pescalune|2011-04-03|130|fla-phi|1|4|2|1|876407185|1|1|
pescalune|2011-04-03|131|det-cbj|2|2|4|2|876408183|1|1|
pescalune|2011-04-03|132|nas-chi|2|3|2|1|876315329|-0.5|1|
pescalune|2011-04-03|133|cgy-min|2|0|5|2|876337840|1|1|
pescalune|2011-04-03|134|van-col|2|0|4|2|876314935|1|1|
pescalune|2011-04-03|135|edm-stl|2|0|4|2|876316655|1|1|
delarocha|2011-04-03|121|bos-tor|2|1|7|2|876336418|1|1|
delarocha|2011-04-03|123|sjs-dal|1|6|1|1|876340485|1|1|
delarocha|2011-04-03|124|lak-ana|2|2|5|2|876372351|1|1|
delarocha|2011-04-03|125|mtl-phx|1|9|1|1|876322624|1|1|
delarocha|2011-04-03|126|car-atl|2|1|1|X|876340859|-0.5|2|
delarocha|2011-04-03|127|was-tbl|2|4|1|1|876316246|-0.5|1|
delarocha|2011-04-03|128|nyi-nyr|1|12|1|1|876282759|1|1|
delarocha|2011-04-03|129|njd-pit|1|9|1|1|876326597|1|1|
delarocha|2011-04-03|130|fla-phi|1|4|2|1|876407185|1|1|
delarocha|2011-04-03|131|det-cbj|1|2|4|2|876408183|-0.5|1|
delarocha|2011-04-03|132|nas-chi|2|3|2|1|876315329|-0.5|1|
delarocha|2011-04-03|133|cgy-min|2|0|5|2|876337840|1|1|
delarocha|2011-04-03|134|van-col|2|0|4|2|876314935|1|1|
delarocha|2011-04-03|135|edm-stl|2|0|4|2|876316655|1|1|
