globox|2011-05-01|1021|nyi-atl|2|2|4|2|877133088|1|1|
globox|2011-05-01|1022|fla-njd|1|4|3|1|877131835|1|1|
globox|2011-05-01|1023|chi-ana|2|3|4|2|877139494|1|1|
globox|2011-05-01|1024|sjs-col|2|4|5|2|877131430|1|1|
earlt|2011-05-01|1021|nyi-atl|2|2|4|2|877133088|1|1|
earlt|2011-05-01|1022|fla-njd|2|4|3|1|877131835|-0.5|1|
earlt|2011-05-01|1023|chi-ana|2|3|4|2|877139494|1|1|
noel|2011-05-01|1021|nyi-atl|1|2|4|2|877133088|-0.5|1|
noel|2011-05-01|1022|fla-njd|2|4|3|1|877131835|-0.5|1|
noel|2011-05-01|1023|chi-ana|2|3|4|2|877139494|1|1|
noel|2011-05-01|1024|sjs-col|2|4|5|2|877131430|1|1|
pescalune|2011-05-01|1021|nyi-atl|2|2|4|2|877133088|1|1|
pescalune|2011-05-01|1022|fla-njd|1|4|3|1|877131835|1|1|
pescalune|2011-05-01|1023|chi-ana|2|3|4|2|877139494|1|1|
pescalune|2011-05-01|1024|sjs-col|1|4|5|2|877131430|-0.5|1|
delarocha|2011-05-01|1021|nyi-atl|2|2|4|2|877133088|1|1|
delarocha|2011-05-01|1022|fla-njd|1|4|3|1|877131835|1|1|
delarocha|2011-05-01|1023|chi-ana|2|3|4|2|877139494|1|1|
delarocha|2011-05-01|1024|sjs-col|2|4|5|2|877131430|1|1|
