earlt|2011-04-30|1017|atl-nyi|1|4|1|1|877133451|1|1|
earlt|2011-04-30|1018|njd-fla|1|1|3|2|877131834|-0.5|1|
earlt|2011-04-30|1019|ana-chi|1|2|1|1|877139493|1|1|
noel|2011-04-30|1017|atl-nyi|1|4|1|1|877133451|1|1|
noel|2011-04-30|1018|njd-fla|1|1|3|2|877131834|-0.5|1|
noel|2011-04-30|1019|ana-chi|1|2|1|1|877139493|1|1|
noel|2011-04-30|1020|col-sjs|1|2|1|1|877131429|1|1|
pescalune|2011-04-30|1017|atl-nyi|1|4|1|1|877133451|1|1|
pescalune|2011-04-30|1018|njd-fla|2|1|3|2|877131834|1|1|
pescalune|2011-04-30|1019|ana-chi|1|2|1|1|877139493|1|1|
pescalune|2011-04-30|1020|col-sjs|1|2|1|1|877131429|1|1|
delarocha|2011-04-30|1017|atl-nyi|1|4|1|1|877133451|1|1|
delarocha|2011-04-30|1018|njd-fla|2|1|3|2|877131834|1|1|
delarocha|2011-04-30|1019|ana-chi|1|2|1|1|877139493|1|1|
delarocha|2011-04-30|1020|col-sjs|1|2|1|1|877131429|1|1|
