pescalune|2011-03-11|1|nas-stl|2|2|2|X|876316023|-0.5|2|
pescalune|2011-03-11|2|chi-cbj|1|4|6|2|876408727|-0.5|1|
pescalune|2011-03-11|3|van-edm|1|5|0|1|876323028|1|1|
pescalune|2011-03-11|4|min-col|2|0|8|2|876317206|1|1|
pescalune|2011-03-11|5|cgy-det|2|0|6|2|876315462|1|1|
pescalune|2011-03-11|6|ana-phi|1|5|4|1|876408554|1|1|
pescalune|2011-03-11|7|phx-njd|2|0|12|2|876325058|1|1|
pescalune|2011-03-11|8|sjs-nyi|1|3|3|X|876288441|-0.5|2|
pescalune|2011-03-11|10|lak-nyr|1|5|1|1|876363223|1|1|
pescalune|2011-03-11|11|ott-fla|2|1|7|2|876337733|1|1|
pescalune|2011-03-11|12|tor-atl|2|0|2|2|876408004|1|1|
pescalune|2011-03-11|13|mtl-car|2|0|0|X|876340828|-0.5|2|
pescalune|2011-03-11|14|bos-was|1|3|1|1|876318757|1|1|
pescalune|2011-03-11|15|buf-tbl|1|10|0|1|876336606|1|1|
earlt|2011-03-11|1|nas-stl|2|2|2|X|876316023|-0.5|2|
earlt|2011-03-11|2|chi-cbj|1|4|6|2|876408727|-0.5|1|
earlt|2011-03-11|3|van-edm|1|5|0|1|876323028|1|1|
earlt|2011-03-11|4|min-col|2|0|8|2|876317206|1|1|
earlt|2011-03-11|5|cgy-det|2|0|6|2|876315462|1|1|
earlt|2011-03-11|6|ana-phi|1|5|4|1|876408554|1|1|
earlt|2011-03-11|7|phx-njd|2|0|12|2|876325058|1|1|
earlt|2011-03-11|9|dal-pit|2|4|6|2|876326596|1|1|
earlt|2011-03-11|10|lak-nyr|1|5|1|1|876363223|1|1|
earlt|2011-03-11|11|ott-fla|2|1|7|2|876337733|1|1|
earlt|2011-03-11|12|tor-atl|2|0|2|2|876408004|1|1|
earlt|2011-03-11|13|mtl-car|2|0|0|X|876340828|-0.5|2|
earlt|2011-03-11|14|bos-was|1|3|1|1|876318757|1|1|
earlt|2011-03-11|15|buf-tbl|1|10|0|1|876336606|1|1|
globox|2011-03-11|1|nas-stl|2|2|2|X|876316023|-0.5|2|
globox|2011-03-11|2|chi-cbj|1|4|6|2|876408727|-0.5|1|
globox|2011-03-11|3|van-edm|1|5|0|1|876323028|1|1|
globox|2011-03-11|4|min-col|2|0|8|2|876317206|1|1|
globox|2011-03-11|6|ana-phi|1|5|4|1|876408554|1|1|
globox|2011-03-11|7|phx-njd|2|0|12|2|876325058|1|1|
globox|2011-03-11|8|sjs-nyi|1|3|3|X|876288441|-0.5|2|
globox|2011-03-11|9|dal-pit|2|4|6|2|876326596|1|1|
globox|2011-03-11|10|lak-nyr|1|5|1|1|876363223|1|1|
globox|2011-03-11|11|ott-fla|2|1|7|2|876337733|1|1|
globox|2011-03-11|12|tor-atl|2|0|2|2|876408004|1|1|
globox|2011-03-11|13|mtl-car|2|0|0|X|876340828|-0.5|2|
globox|2011-03-11|14|bos-was|1|3|1|1|876318757|1|1|
globox|2011-03-11|15|buf-tbl|1|10|0|1|876336606|1|1|
poliku|2011-03-11|1|nas-stl|2|2|2|X|876316023|-0.5|2|
poliku|2011-03-11|2|chi-cbj|2|4|6|2|876408727|1|1|
poliku|2011-03-11|3|van-edm|1|5|0|1|876323028|1|1|
poliku|2011-03-11|4|min-col|2|0|8|2|876317206|1|1|
poliku|2011-03-11|5|cgy-det|2|0|6|2|876315462|1|1|
poliku|2011-03-11|6|ana-phi|1|5|4|1|876408554|1|1|
poliku|2011-03-11|7|phx-njd|2|0|12|2|876325058|1|1|
poliku|2011-03-11|8|sjs-nyi|1|3|3|X|876288441|-0.5|2|
poliku|2011-03-11|9|dal-pit|2|4|6|2|876326596|1|1|
poliku|2011-03-11|10|lak-nyr|X|5|1|1|876363223|-0.5|1|
poliku|2011-03-11|11|ott-fla|2|1|7|2|876337733|1|1|
poliku|2011-03-11|12|tor-atl|2|0|2|2|876408004|1|1|
poliku|2011-03-11|13|mtl-car|2|0|0|X|876340828|-0.5|2|
poliku|2011-03-11|14|bos-was|1|3|1|1|876318757|1|1|
cpalo|2011-03-11|1|nas-stl|1|2|2|X|876316023|-0.5|2|
cpalo|2011-03-11|2|chi-cbj|1|4|6|2|876408727|-0.5|1|
cpalo|2011-03-11|3|van-edm|X|5|0|1|876323028|-0.5|1|
cpalo|2011-03-11|4|min-col|2|0|8|2|876317206|1|1|
cpalo|2011-03-11|5|cgy-det|2|0|6|2|876315462|1|1|
cpalo|2011-03-11|6|ana-phi|1|5|4|1|876408554|1|1|
cpalo|2011-03-11|7|phx-njd|2|0|12|2|876325058|1|1|
cpalo|2011-03-11|8|sjs-nyi|1|3|3|X|876288441|-0.5|2|
cpalo|2011-03-11|9|dal-pit|2|4|6|2|876326596|1|1|
cpalo|2011-03-11|11|ott-fla|2|1|7|2|876337733|1|1|
cpalo|2011-03-11|12|tor-atl|2|0|2|2|876408004|1|1|
cpalo|2011-03-11|13|mtl-car|1|0|0|X|876340828|-0.5|2|
cpalo|2011-03-11|14|bos-was|1|3|1|1|876318757|1|1|
cpalo|2011-03-11|15|buf-tbl|2|10|0|1|876336606|-0.5|1|
misko|2011-03-11|1|nas-stl|2|2|2|X|876316023|-0.5|2|
misko|2011-03-11|2|chi-cbj|1|4|6|2|876408727|-0.5|1|
misko|2011-03-11|3|van-edm|1|5|0|1|876323028|1|1|
misko|2011-03-11|4|min-col|2|0|8|2|876317206|1|1|
misko|2011-03-11|6|ana-phi|1|5|4|1|876408554|1|1|
misko|2011-03-11|7|phx-njd|2|0|12|2|876325058|1|1|
misko|2011-03-11|8|sjs-nyi|1|3|3|X|876288441|-0.5|2|
misko|2011-03-11|9|dal-pit|2|4|6|2|876326596|1|1|
misko|2011-03-11|10|lak-nyr|1|5|1|1|876363223|1|1|
misko|2011-03-11|11|ott-fla|2|1|7|2|876337733|1|1|
misko|2011-03-11|12|tor-atl|2|0|2|2|876408004|1|1|
misko|2011-03-11|13|mtl-car|2|0|0|X|876340828|-0.5|2|
misko|2011-03-11|14|bos-was|1|3|1|1|876318757|1|1|
misko|2011-03-11|15|buf-tbl|1|10|0|1|876336606|1|1|
noel|2011-03-11|1|nas-stl|2|2|2|X|876316023|-0.5|2|
noel|2011-03-11|2|chi-cbj|1|4|6|2|876408727|-0.5|1|
noel|2011-03-11|3|van-edm|1|5|0|1|876323028|1|1|
noel|2011-03-11|4|min-col|2|0|8|2|876317206|1|1|
noel|2011-03-11|5|cgy-det|2|0|6|2|876315462|1|1|
noel|2011-03-11|7|phx-njd|2|0|12|2|876325058|1|1|
noel|2011-03-11|8|sjs-nyi|1|3|3|X|876288441|-0.5|2|
noel|2011-03-11|9|dal-pit|X|4|6|2|876326596|-0.5|1|
noel|2011-03-11|10|lak-nyr|1|5|1|1|876363223|1|1|
noel|2011-03-11|11|ott-fla|2|1|7|2|876337733|1|1|
noel|2011-03-11|12|tor-atl|2|0|2|2|876408004|1|1|
noel|2011-03-11|13|mtl-car|2|0|0|X|876340828|-0.5|2|
noel|2011-03-11|14|bos-was|1|3|1|1|876318757|1|1|
noel|2011-03-11|15|buf-tbl|1|10|0|1|876336606|1|1|
lordik13|2011-03-11|1|nas-stl|2|2|2|X|876316023|-0.5|2|
lordik13|2011-03-11|2|chi-cbj|1|4|6|2|876408727|-0.5|1|
lordik13|2011-03-11|3|van-edm|1|5|0|1|876323028|1|1|
lordik13|2011-03-11|4|min-col|2|0|8|2|876317206|1|1|
lordik13|2011-03-11|5|cgy-det|2|0|6|2|876315462|1|1|
lordik13|2011-03-11|6|ana-phi|1|5|4|1|876408554|1|1|
lordik13|2011-03-11|7|phx-njd|2|0|12|2|876325058|1|1|
lordik13|2011-03-11|9|dal-pit|1|4|6|2|876326596|-0.5|1|
lordik13|2011-03-11|10|lak-nyr|1|5|1|1|876363223|1|1|
lordik13|2011-03-11|11|ott-fla|X|1|7|2|876337733|-0.5|1|
lordik13|2011-03-11|12|tor-atl|2|0|2|2|876408004|1|1|
lordik13|2011-03-11|13|mtl-car|2|0|0|X|876340828|-0.5|2|
lordik13|2011-03-11|14|bos-was|2|3|1|1|876318757|-0.5|1|
lordik13|2011-03-11|15|buf-tbl|1|10|0|1|876336606|1|1|
trsto|2011-03-11|1|nas-stl|2|2|2|X|876316023|-0.5|2|
trsto|2011-03-11|2|chi-cbj|1|4|6|2|876408727|-0.5|1|
trsto|2011-03-11|3|van-edm|1|5|0|1|876323028|1|1|
trsto|2011-03-11|4|min-col|2|0|8|2|876317206|1|1|
trsto|2011-03-11|5|cgy-det|2|0|6|2|876315462|1|1|
trsto|2011-03-11|6|ana-phi|1|5|4|1|876408554|1|1|
trsto|2011-03-11|8|sjs-nyi|1|3|3|X|876288441|-0.5|2|
trsto|2011-03-11|9|dal-pit|2|4|6|2|876326596|1|1|
trsto|2011-03-11|10|lak-nyr|1|5|1|1|876363223|1|1|
trsto|2011-03-11|11|ott-fla|2|1|7|2|876337733|1|1|
trsto|2011-03-11|12|tor-atl|2|0|2|2|876408004|1|1|
trsto|2011-03-11|13|mtl-car|2|0|0|X|876340828|-0.5|2|
trsto|2011-03-11|14|bos-was|1|3|1|1|876318757|1|1|
trsto|2011-03-11|15|buf-tbl|1|10|0|1|876336606|1|1|
delarocha|2011-03-11|1|nas-stl|2|2|2|X|876316023|-0.5|2|
delarocha|2011-03-11|2|chi-cbj|1|4|6|2|876408727|-0.5|1|
delarocha|2011-03-11|3|van-edm|1|5|0|1|876323028|1|1|
delarocha|2011-03-11|4|min-col|2|0|8|2|876317206|1|1|
delarocha|2011-03-11|5|cgy-det|2|0|6|2|876315462|1|1|
delarocha|2011-03-11|6|ana-phi|1|5|4|1|876408554|1|1|
delarocha|2011-03-11|7|phx-njd|2|0|12|2|876325058|1|1|
delarocha|2011-03-11|8|sjs-nyi|X|3|3|X|876288441|2|2|
delarocha|2011-03-11|9|dal-pit|X|4|6|2|876326596|-0.5|1|
delarocha|2011-03-11|10|lak-nyr|1|5|1|1|876363223|1|1|
delarocha|2011-03-11|12|tor-atl|2|0|2|2|876408004|1|1|
delarocha|2011-03-11|13|mtl-car|2|0|0|X|876340828|-0.5|2|
delarocha|2011-03-11|14|bos-was|1|3|1|1|876318757|1|1|
delarocha|2011-03-11|15|buf-tbl|1|10|0|1|876336606|1|1|
sollu|2011-03-11|1|nas-stl|2|2|2|X|876316023|-0.5|2|
sollu|2011-03-11|2|chi-cbj|1|4|6|2|876408727|-0.5|1|
sollu|2011-03-11|3|van-edm|1|5|0|1|876323028|1|1|
sollu|2011-03-11|5|cgy-det|2|0|6|2|876315462|1|1|
sollu|2011-03-11|6|ana-phi|1|5|4|1|876408554|1|1|
sollu|2011-03-11|7|phx-njd|2|0|12|2|876325058|1|1|
sollu|2011-03-11|8|sjs-nyi|1|3|3|X|876288441|-0.5|2|
sollu|2011-03-11|9|dal-pit|2|4|6|2|876326596|1|1|
sollu|2011-03-11|10|lak-nyr|1|5|1|1|876363223|1|1|
sollu|2011-03-11|11|ott-fla|2|1|7|2|876337733|1|1|
sollu|2011-03-11|12|tor-atl|2|0|2|2|876408004|1|1|
sollu|2011-03-11|13|mtl-car|2|0|0|X|876340828|-0.5|2|
sollu|2011-03-11|14|bos-was|1|3|1|1|876318757|1|1|
sollu|2011-03-11|15|buf-tbl|1|10|0|1|876336606|1|1|
