tomson|2011-12-24|46|njd-nyr|2|1|6|2|879976608|1|1|
tomson|2011-12-24|48|col-min|1|5|2|1|879976776|1|1|
tomson|2011-12-24|49|van-cgy|1|3|6|2|879976658|-0.5|1|
tomson|2011-12-24|50|nyi-edm|2|3|1|1|879975788|-0.5|1|
tomson|2011-12-24|51|det-car|2|2|12|2|879984127|1|1|
tomson|2011-12-24|52|stl-fla|2|3|0|1|879985579|-0.5|1|
tomson|2011-12-24|53|nas-wpg|2|0|11|2|879977674|1|1|
tomson|2011-12-24|54|chi-was|1|1|4|2|879976407|-0.5|1|
tomson|2011-12-24|55|cbj-tbl|1|5|9|2|880008131|-0.5|1|
tomson|2011-12-24|56|sjs-tor|2|0|3|2|879985095|1|1|
tomson|2011-12-24|57|dal-bos|2|0|5|2|879977308|1|1|
tomson|2011-12-24|58|phx-mtl|2|1|3|2|880011590|1|1|
tomson|2011-12-24|59|lak-buf|2|4|0|1|879982601|-0.5|1|
tomson|2011-12-24|60|ana-ott|2|4|1|1|879984231|-0.5|1|
globox|2011-12-24|46|njd-nyr|2|1|6|2|879976608|1|1|
globox|2011-12-24|47|phi-pit|2|0|6|2|879975592|1|1|
globox|2011-12-24|48|col-min|1|5|2|1|879976776|1|1|
globox|2011-12-24|50|nyi-edm|1|3|1|1|879975788|1|1|
globox|2011-12-24|51|det-car|2|2|12|2|879984127|1|1|
globox|2011-12-24|52|stl-fla|2|3|0|1|879985579|-0.5|1|
globox|2011-12-24|53|nas-wpg|2|0|11|2|879977674|1|1|
globox|2011-12-24|54|chi-was|1|1|4|2|879976407|-0.5|1|
globox|2011-12-24|55|cbj-tbl|X|5|9|2|880008131|-0.5|1|
globox|2011-12-24|56|sjs-tor|1|0|3|2|879985095|-0.5|1|
globox|2011-12-24|57|dal-bos|2|0|5|2|879977308|1|1|
globox|2011-12-24|58|phx-mtl|2|1|3|2|880011590|1|1|
globox|2011-12-24|59|lak-buf|2|4|0|1|879982601|-0.5|1|
globox|2011-12-24|60|ana-ott|1|4|1|1|879984231|1|1|
earlt|2011-12-24|46|njd-nyr|2|1|6|2|879976608|1|1|
earlt|2011-12-24|47|phi-pit|2|0|6|2|879975592|1|1|
earlt|2011-12-24|48|col-min|1|5|2|1|879976776|1|1|
earlt|2011-12-24|49|van-cgy|2|3|6|2|879976658|1|1|
earlt|2011-12-24|50|nyi-edm|1|3|1|1|879975788|1|1|
earlt|2011-12-24|51|det-car|2|2|12|2|879984127|1|1|
earlt|2011-12-24|52|stl-fla|2|3|0|1|879985579|-0.5|1|
earlt|2011-12-24|53|nas-wpg|2|0|11|2|879977674|1|1|
earlt|2011-12-24|54|chi-was|2|1|4|2|879976407|1|1|
earlt|2011-12-24|55|cbj-tbl|1|5|9|2|880008131|-0.5|1|
earlt|2011-12-24|57|dal-bos|2|0|5|2|879977308|1|1|
earlt|2011-12-24|58|phx-mtl|1|1|3|2|880011590|-0.5|1|
earlt|2011-12-24|59|lak-buf|2|4|0|1|879982601|-0.5|1|
earlt|2011-12-24|60|ana-ott|2|4|1|1|879984231|-0.5|1|
misko|2011-12-24|46|njd-nyr|2|1|6|2|879976608|1|1|
misko|2011-12-24|47|phi-pit|2|0|6|2|879975592|1|1|
misko|2011-12-24|48|col-min|1|5|2|1|879976776|1|1|
misko|2011-12-24|49|van-cgy|2|3|6|2|879976658|1|1|
misko|2011-12-24|50|nyi-edm|1|3|1|1|879975788|1|1|
misko|2011-12-24|52|stl-fla|1|3|0|1|879985579|1|1|
misko|2011-12-24|53|nas-wpg|2|0|11|2|879977674|1|1|
misko|2011-12-24|54|chi-was|1|1|4|2|879976407|-0.5|1|
misko|2011-12-24|55|cbj-tbl|1|5|9|2|880008131|-0.5|1|
misko|2011-12-24|56|sjs-tor|1|0|3|2|879985095|-0.5|1|
misko|2011-12-24|57|dal-bos|2|0|5|2|879977308|1|1|
misko|2011-12-24|58|phx-mtl|1|1|3|2|880011590|-0.5|1|
misko|2011-12-24|59|lak-buf|X|4|0|1|879982601|-0.5|1|
misko|2011-12-24|60|ana-ott|2|4|1|1|879984231|-0.5|1|
petrik 2.0|2011-12-24|46|njd-nyr|1|1|6|2|879976608|-0.5|1|
petrik 2.0|2011-12-24|47|phi-pit|2|0|6|2|879975592|1|1|
sollu|2011-12-24|46|njd-nyr|2|1|6|2|879976608|1|1|
sollu|2011-12-24|47|phi-pit|2|0|6|2|879975592|1|1|
sollu|2011-12-24|49|van-cgy|2|3|6|2|879976658|1|1|
sollu|2011-12-24|50|nyi-edm|1|3|1|1|879975788|1|1|
sollu|2011-12-24|51|det-car|2|2|12|2|879984127|1|1|
sollu|2011-12-24|52|stl-fla|2|3|0|1|879985579|-0.5|1|
sollu|2011-12-24|53|nas-wpg|2|0|11|2|879977674|1|1|
sollu|2011-12-24|54|chi-was|1|1|4|2|879976407|-0.5|1|
sollu|2011-12-24|55|cbj-tbl|1|5|9|2|880008131|-0.5|1|
sollu|2011-12-24|56|sjs-tor|1|0|3|2|879985095|-0.5|1|
sollu|2011-12-24|57|dal-bos|2|0|5|2|879977308|1|1|
sollu|2011-12-24|58|phx-mtl|X|1|3|2|880011590|-0.5|1|
sollu|2011-12-24|59|lak-buf|2|4|0|1|879982601|-0.5|1|
sollu|2011-12-24|60|ana-ott|1|4|1|1|879984231|1|1|
pescalune|2011-12-24|46|njd-nyr|2|1|6|2|879976608|1|1|
pescalune|2011-12-24|47|phi-pit|2|0|6|2|879975592|1|1|
pescalune|2011-12-24|48|col-min|1|5|2|1|879976776|1|1|
pescalune|2011-12-24|49|van-cgy|2|3|6|2|879976658|1|1|
pescalune|2011-12-24|50|nyi-edm|1|3|1|1|879975788|1|1|
pescalune|2011-12-24|51|det-car|2|2|12|2|879984127|1|1|
pescalune|2011-12-24|52|stl-fla|1|3|0|1|879985579|1|1|
pescalune|2011-12-24|53|nas-wpg|2|0|11|2|879977674|1|1|
pescalune|2011-12-24|54|chi-was|1|1|4|2|879976407|-0.5|1|
pescalune|2011-12-24|55|cbj-tbl|1|5|9|2|880008131|-0.5|1|
pescalune|2011-12-24|56|sjs-tor|1|0|3|2|879985095|-0.5|1|
pescalune|2011-12-24|58|phx-mtl|2|1|3|2|880011590|1|1|
pescalune|2011-12-24|59|lak-buf|2|4|0|1|879982601|-0.5|1|
pescalune|2011-12-24|60|ana-ott|X|4|1|1|879984231|-0.5|1|
