sollu|2011-12-18|31|lak-ana|1|5|2|1|879977368|1|1|
sollu|2011-12-18|32|sjs-phx|1|11|2|1|879977544|1|1|
sollu|2011-12-18|33|stl-nas|1|3|1|1|879985578|1|1|
sollu|2011-12-18|34|chi-cbj|1|6|1|1|879976406|1|1|
sollu|2011-12-18|35|det-dal|1|11|2|1|879975823|1|1|
sollu|2011-12-18|37|min-bos|1|5|3|1|879977307|1|1|
sollu|2011-12-18|38|edm-mtl|2|0|5|2|879985538|1|1|
sollu|2011-12-18|39|cgy-buf|2|0|1|2|879984887|1|1|
sollu|2011-12-18|40|van-ott|1|5|1|1|879975488|1|1|
sollu|2011-12-18|41|nyr-car|2|2|11|2|879984124|1|1|
sollu|2011-12-18|42|pit-fla|2|0|14|2|879974733|1|1|
sollu|2011-12-18|43|nyi-wpg|2|1|9|2|879983812|1|1|
sollu|2011-12-18|44|njd-was|2|1|6|2|879976607|1|1|
sollu|2011-12-18|45|phi-tbl|2|1|12|2|880008132|1|1|
pescalune|2011-12-18|31|lak-ana|1|5|2|1|879977368|1|1|
pescalune|2011-12-18|32|sjs-phx|1|11|2|1|879977544|1|1|
pescalune|2011-12-18|33|stl-nas|1|3|1|1|879985578|1|1|
pescalune|2011-12-18|34|chi-cbj|1|6|1|1|879976406|1|1|
pescalune|2011-12-18|36|col-tor|1|2|2|X|879985094|-0.5|2|
pescalune|2011-12-18|37|min-bos|1|5|3|1|879977307|1|1|
pescalune|2011-12-18|38|edm-mtl|2|0|5|2|879985538|1|1|
pescalune|2011-12-18|39|cgy-buf|2|0|1|2|879984887|1|1|
pescalune|2011-12-18|40|van-ott|X|5|1|1|879975488|-0.5|1|
pescalune|2011-12-18|41|nyr-car|2|2|11|2|879984124|1|1|
pescalune|2011-12-18|42|pit-fla|2|0|14|2|879974733|1|1|
pescalune|2011-12-18|43|nyi-wpg|2|1|9|2|879983812|1|1|
pescalune|2011-12-18|44|njd-was|2|1|6|2|879976607|1|1|
pescalune|2011-12-18|45|phi-tbl|2|1|12|2|880008132|1|1|
globox|2011-12-18|31|lak-ana|1|5|2|1|879977368|1|1|
globox|2011-12-18|32|sjs-phx|1|11|2|1|879977544|1|1|
globox|2011-12-18|33|stl-nas|1|3|1|1|879985578|1|1|
globox|2011-12-18|34|chi-cbj|1|6|1|1|879976406|1|1|
globox|2011-12-18|35|det-dal|1|11|2|1|879975823|1|1|
globox|2011-12-18|36|col-tor|1|2|2|X|879985094|-0.5|2|
globox|2011-12-18|37|min-bos|1|5|3|1|879977307|1|1|
globox|2011-12-18|38|edm-mtl|2|0|5|2|879985538|1|1|
globox|2011-12-18|40|van-ott|1|5|1|1|879975488|1|1|
globox|2011-12-18|41|nyr-car|2|2|11|2|879984124|1|1|
globox|2011-12-18|42|pit-fla|2|0|14|2|879974733|1|1|
globox|2011-12-18|43|nyi-wpg|2|1|9|2|879983812|1|1|
globox|2011-12-18|44|njd-was|2|1|6|2|879976607|1|1|
globox|2011-12-18|45|phi-tbl|2|1|12|2|880008132|1|1|
petrik 2.0|2011-12-18|36|col-tor|1|2|2|X|879985094|-0.5|2|
petrik 2.0|2011-12-18|45|phi-tbl|2|1|12|2|880008132|1|1|
misko|2011-12-18|31|lak-ana|1|5|2|1|879977368|1|1|
misko|2011-12-18|32|sjs-phx|1|11|2|1|879977544|1|1|
misko|2011-12-18|33|stl-nas|1|3|1|1|879985578|1|1|
misko|2011-12-18|34|chi-cbj|1|6|1|1|879976406|1|1|
misko|2011-12-18|36|col-tor|1|2|2|X|879985094|-0.5|2|
misko|2011-12-18|37|min-bos|1|5|3|1|879977307|1|1|
misko|2011-12-18|38|edm-mtl|2|0|5|2|879985538|1|1|
misko|2011-12-18|39|cgy-buf|2|0|1|2|879984887|1|1|
misko|2011-12-18|40|van-ott|2|5|1|1|879975488|-0.5|1|
misko|2011-12-18|41|nyr-car|2|2|11|2|879984124|1|1|
misko|2011-12-18|42|pit-fla|2|0|14|2|879974733|1|1|
misko|2011-12-18|43|nyi-wpg|2|1|9|2|879983812|1|1|
misko|2011-12-18|44|njd-was|2|1|6|2|879976607|1|1|
misko|2011-12-18|45|phi-tbl|2|1|12|2|880008132|1|1|
earlt|2011-12-18|31|lak-ana|1|5|2|1|879977368|1|1|
earlt|2011-12-18|33|stl-nas|1|3|1|1|879985578|1|1|
earlt|2011-12-18|34|chi-cbj|1|6|1|1|879976406|1|1|
earlt|2011-12-18|35|det-dal|1|11|2|1|879975823|1|1|
earlt|2011-12-18|36|col-tor|1|2|2|X|879985094|-0.5|2|
earlt|2011-12-18|37|min-bos|1|5|3|1|879977307|1|1|
earlt|2011-12-18|38|edm-mtl|2|0|5|2|879985538|1|1|
earlt|2011-12-18|39|cgy-buf|2|0|1|2|879984887|1|1|
earlt|2011-12-18|40|van-ott|2|5|1|1|879975488|-0.5|1|
earlt|2011-12-18|41|nyr-car|2|2|11|2|879984124|1|1|
earlt|2011-12-18|42|pit-fla|2|0|14|2|879974733|1|1|
earlt|2011-12-18|43|nyi-wpg|2|1|9|2|879983812|1|1|
earlt|2011-12-18|44|njd-was|1|1|6|2|879976607|-0.5|1|
earlt|2011-12-18|45|phi-tbl|2|1|12|2|880008132|1|1|
