earlt|2011-12-17|16|bos-wpg|2|3|7|2|879977668|1|1|
earlt|2011-12-17|17|tbl-buf|2|1|5|2|879985945|1|1|
earlt|2011-12-17|18|tor-fla|2|2|3|2|879985093|1|1|
earlt|2011-12-17|19|car-mtl|1|4|0|1|879985540|1|1|
earlt|2011-12-17|20|ott-was|2|1|2|2|879975486|1|1|
earlt|2011-12-17|21|pit-edm|2|2|1|1|879976583|-0.5|1|
earlt|2011-12-17|22|nyi-min|2|0|5|2|879983810|1|1|
earlt|2011-12-17|23|col-njd|1|7|0|1|879976606|1|1|
earlt|2011-12-17|24|cgy-nyr|2|2|3|2|879985182|1|1|
earlt|2011-12-17|25|phi-van|1|0|8|2|879975590|-0.5|1|
earlt|2011-12-17|26|ana-chi|2|1|9|2|879977493|1|1|
earlt|2011-12-17|28|cbj-lak|2|1|2|2|879984025|1|1|
earlt|2011-12-17|29|det-phx|1|3|3|X|880012994|-0.5|2|
earlt|2011-12-17|30|nas-dal|1|2|2|X|879974395|-0.5|2|
globox|2011-12-17|16|bos-wpg|2|3|7|2|879977668|1|1|
globox|2011-12-17|17|tbl-buf|2|1|5|2|879985945|1|1|
globox|2011-12-17|18|tor-fla|2|2|3|2|879985093|1|1|
globox|2011-12-17|19|car-mtl|1|4|0|1|879985540|1|1|
globox|2011-12-17|20|ott-was|2|1|2|2|879975486|1|1|
globox|2011-12-17|21|pit-edm|1|2|1|1|879976583|1|1|
globox|2011-12-17|22|nyi-min|2|0|5|2|879983810|1|1|
globox|2011-12-17|23|col-njd|1|7|0|1|879976606|1|1|
globox|2011-12-17|25|phi-van|2|0|8|2|879975590|1|1|
globox|2011-12-17|26|ana-chi|2|1|9|2|879977493|1|1|
globox|2011-12-17|27|stl-sjs|1|3|3|X|879985577|-0.5|2|
globox|2011-12-17|28|cbj-lak|2|1|2|2|879984025|1|1|
globox|2011-12-17|29|det-phx|1|3|3|X|880012994|-0.5|2|
globox|2011-12-17|30|nas-dal|1|2|2|X|879974395|-0.5|2|
sollu|2011-12-17|16|bos-wpg|2|3|7|2|879977668|1|1|
sollu|2011-12-17|17|tbl-buf|2|1|5|2|879985945|1|1|
sollu|2011-12-17|18|tor-fla|2|2|3|2|879985093|1|1|
sollu|2011-12-17|19|car-mtl|1|4|0|1|879985540|1|1|
sollu|2011-12-17|20|ott-was|2|1|2|2|879975486|1|1|
sollu|2011-12-17|21|pit-edm|1|2|1|1|879976583|1|1|
sollu|2011-12-17|22|nyi-min|2|0|5|2|879983810|1|1|
sollu|2011-12-17|24|cgy-nyr|2|2|3|2|879985182|1|1|
sollu|2011-12-17|25|phi-van|2|0|8|2|879975590|1|1|
sollu|2011-12-17|26|ana-chi|2|1|9|2|879977493|1|1|
sollu|2011-12-17|27|stl-sjs|2|3|3|X|879985577|-0.5|2|
sollu|2011-12-17|28|cbj-lak|2|1|2|2|879984025|1|1|
sollu|2011-12-17|29|det-phx|1|3|3|X|880012994|-0.5|2|
sollu|2011-12-17|30|nas-dal|1|2|2|X|879974395|-0.5|2|
misko|2011-12-17|16|bos-wpg|2|3|7|2|879977668|1|1|
misko|2011-12-17|17|tbl-buf|2|1|5|2|879985945|1|1|
misko|2011-12-17|18|tor-fla|2|2|3|2|879985093|1|1|
misko|2011-12-17|19|car-mtl|1|4|0|1|879985540|1|1|
misko|2011-12-17|20|ott-was|1|1|2|2|879975486|-0.5|1|
misko|2011-12-17|21|pit-edm|1|2|1|1|879976583|1|1|
misko|2011-12-17|22|nyi-min|2|0|5|2|879983810|1|1|
misko|2011-12-17|23|col-njd|1|7|0|1|879976606|1|1|
misko|2011-12-17|24|cgy-nyr|2|2|3|2|879985182|1|1|
misko|2011-12-17|25|phi-van|1|0|8|2|879975590|-0.5|1|
misko|2011-12-17|26|ana-chi|2|1|9|2|879977493|1|1|
misko|2011-12-17|27|stl-sjs|2|3|3|X|879985577|-0.5|2|
misko|2011-12-17|28|cbj-lak|2|1|2|2|879984025|1|1|
misko|2011-12-17|30|nas-dal|1|2|2|X|879974395|-0.5|2|
pescalune|2011-12-17|16|bos-wpg|2|3|7|2|879977668|1|1|
pescalune|2011-12-17|17|tbl-buf|2|1|5|2|879985945|1|1|
pescalune|2011-12-17|18|tor-fla|1|2|3|2|879985093|-0.5|1|
pescalune|2011-12-17|19|car-mtl|1|4|0|1|879985540|1|1|
pescalune|2011-12-17|20|ott-was|2|1|2|2|879975486|1|1|
pescalune|2011-12-17|21|pit-edm|X|2|1|1|879976583|-0.5|1|
pescalune|2011-12-17|22|nyi-min|2|0|5|2|879983810|1|1|
pescalune|2011-12-17|23|col-njd|1|7|0|1|879976606|1|1|
pescalune|2011-12-17|24|cgy-nyr|2|2|3|2|879985182|1|1|
pescalune|2011-12-17|25|phi-van|1|0|8|2|879975590|-0.5|1|
pescalune|2011-12-17|26|ana-chi|2|1|9|2|879977493|1|1|
pescalune|2011-12-17|27|stl-sjs|X|3|3|X|879985577|2|2|
pescalune|2011-12-17|28|cbj-lak|2|1|2|2|879984025|1|1|
pescalune|2011-12-17|29|det-phx|1|3|3|X|880012994|-0.5|2|
