globox|2011-12-25|61|buf-tor|2|0|3|2|880031491|1|1|
globox|2011-12-25|62|mtl-ott|1|7|0|1|880010423|1|1|
globox|2011-12-25|63|wpg-tbl|1|11|2|1|879981960|1|1|
globox|2011-12-25|64|fla-car|2|1|4|2|879984128|1|1|
globox|2011-12-25|65|was-bos|2|3|4|2|879977309|1|1|
globox|2011-12-25|66|njd-nyi|2|1|9|2|879983811|1|1|
globox|2011-12-25|67|nyr-phi|1|9|0|1|879975709|1|1|
globox|2011-12-25|68|min-edm|1|7|0|1|879976781|1|1|
globox|2011-12-25|70|pit-van|1|2|1|1|879974984|1|1|
globox|2011-12-25|71|sjs-lak|1|4|0|1|879977539|1|1|
globox|2011-12-25|72|phx-dal|1|5|0|1|879977522|1|1|
globox|2011-12-25|73|chi-stl|2|1|3|2|880576115|1|1|
globox|2011-12-25|74|cbj-det|2|0|12|2|879975512|1|1|
globox|2011-12-25|75|ana-nas|2|1|10|2|879973557|1|1|
tomson|2011-12-25|61|buf-tor|2|0|3|2|880031491|1|1|
tomson|2011-12-25|62|mtl-ott|1|7|0|1|880010423|1|1|
tomson|2011-12-25|63|wpg-tbl|1|11|2|1|879981960|1|1|
tomson|2011-12-25|64|fla-car|1|1|4|2|879984128|-0.5|1|
tomson|2011-12-25|66|njd-nyi|2|1|9|2|879983811|1|1|
tomson|2011-12-25|67|nyr-phi|1|9|0|1|879975709|1|1|
tomson|2011-12-25|68|min-edm|1|7|0|1|879976781|1|1|
tomson|2011-12-25|69|cgy-col|2|0|6|2|879976654|1|1|
tomson|2011-12-25|71|sjs-lak|1|4|0|1|879977539|1|1|
tomson|2011-12-25|72|phx-dal|2|5|0|1|879977522|-0.5|1|
tomson|2011-12-25|73|chi-stl|2|1|3|2|880576115|1|1|
tomson|2011-12-25|74|cbj-det|2|0|12|2|879975512|1|1|
tomson|2011-12-25|75|ana-nas|2|1|10|2|879973557|1|1|
pescalune|2011-12-25|61|buf-tor|2|0|3|2|880031491|1|1|
pescalune|2011-12-25|62|mtl-ott|1|7|0|1|880010423|1|1|
pescalune|2011-12-25|63|wpg-tbl|1|11|2|1|879981960|1|1|
pescalune|2011-12-25|64|fla-car|2|1|4|2|879984128|1|1|
pescalune|2011-12-25|65|was-bos|X|3|4|2|879977309|-0.5|1|
pescalune|2011-12-25|66|njd-nyi|2|1|9|2|879983811|1|1|
pescalune|2011-12-25|67|nyr-phi|1|9|0|1|879975709|1|1|
pescalune|2011-12-25|68|min-edm|1|7|0|1|879976781|1|1|
pescalune|2011-12-25|69|cgy-col|2|0|6|2|879976654|1|1|
pescalune|2011-12-25|70|pit-van|1|2|1|1|879974984|1|1|
pescalune|2011-12-25|71|sjs-lak|1|4|0|1|879977539|1|1|
pescalune|2011-12-25|73|chi-stl|2|1|3|2|880576115|1|1|
pescalune|2011-12-25|74|cbj-det|2|0|12|2|879975512|1|1|
pescalune|2011-12-25|75|ana-nas|2|1|10|2|879973557|1|1|
earlt|2011-12-25|61|buf-tor|2|0|3|2|880031491|1|1|
earlt|2011-12-25|62|mtl-ott|1|7|0|1|880010423|1|1|
earlt|2011-12-25|63|wpg-tbl|1|11|2|1|879981960|1|1|
earlt|2011-12-25|64|fla-car|1|1|4|2|879984128|-0.5|1|
earlt|2011-12-25|65|was-bos|2|3|4|2|879977309|1|1|
earlt|2011-12-25|66|njd-nyi|2|1|9|2|879983811|1|1|
earlt|2011-12-25|67|nyr-phi|1|9|0|1|879975709|1|1|
earlt|2011-12-25|68|min-edm|1|7|0|1|879976781|1|1|
earlt|2011-12-25|69|cgy-col|2|0|6|2|879976654|1|1|
earlt|2011-12-25|70|pit-van|1|2|1|1|879974984|1|1|
earlt|2011-12-25|72|phx-dal|1|5|0|1|879977522|1|1|
earlt|2011-12-25|73|chi-stl|2|1|3|2|880576115|1|1|
earlt|2011-12-25|74|cbj-det|2|0|12|2|879975512|1|1|
earlt|2011-12-25|75|ana-nas|2|1|10|2|879973557|1|1|
misko|2011-12-25|61|buf-tor|2|0|3|2|880031491|1|1|
misko|2011-12-25|62|mtl-ott|1|7|0|1|880010423|1|1|
misko|2011-12-25|63|wpg-tbl|1|11|2|1|879981960|1|1|
misko|2011-12-25|64|fla-car|2|1|4|2|879984128|1|1|
misko|2011-12-25|65|was-bos|2|3|4|2|879977309|1|1|
misko|2011-12-25|66|njd-nyi|1|1|9|2|879983811|-0.5|1|
misko|2011-12-25|67|nyr-phi|1|9|0|1|879975709|1|1|
misko|2011-12-25|68|min-edm|1|7|0|1|879976781|1|1|
misko|2011-12-25|69|cgy-col|2|0|6|2|879976654|1|1|
misko|2011-12-25|70|pit-van|1|2|1|1|879974984|1|1|
misko|2011-12-25|71|sjs-lak|1|4|0|1|879977539|1|1|
misko|2011-12-25|72|phx-dal|1|5|0|1|879977522|1|1|
misko|2011-12-25|73|chi-stl|2|1|3|2|880576115|1|1|
misko|2011-12-25|75|ana-nas|2|1|10|2|879973557|1|1|
sollu|2011-12-25|61|buf-tor|2|0|3|2|880031491|1|1|
sollu|2011-12-25|62|mtl-ott|1|7|0|1|880010423|1|1|
sollu|2011-12-25|63|wpg-tbl|1|11|2|1|879981960|1|1|
sollu|2011-12-25|64|fla-car|2|1|4|2|879984128|1|1|
sollu|2011-12-25|65|was-bos|2|3|4|2|879977309|1|1|
sollu|2011-12-25|66|njd-nyi|2|1|9|2|879983811|1|1|
sollu|2011-12-25|67|nyr-phi|1|9|0|1|879975709|1|1|
sollu|2011-12-25|68|min-edm|1|7|0|1|879976781|1|1|
sollu|2011-12-25|70|pit-van|1|2|1|1|879974984|1|1|
sollu|2011-12-25|71|sjs-lak|1|4|0|1|879977539|1|1|
sollu|2011-12-25|72|phx-dal|1|5|0|1|879977522|1|1|
sollu|2011-12-25|73|chi-stl|2|1|3|2|880576115|1|1|
sollu|2011-12-25|74|cbj-det|2|0|12|2|879975512|1|1|
sollu|2011-12-25|75|ana-nas|2|1|10|2|879973557|1|1|
