globox|2011-12-16|1|buf-bos|1|4|3|1|879977328|1|1|
globox|2011-12-16|2|tor-ott|1|9|0|1|879985910|1|1|
globox|2011-12-16|3|wpg-was|1|10|1|1|879977667|1|1|
globox|2011-12-16|4|tbl-car|2|3|9|2|879985944|1|1|
globox|2011-12-16|5|mtl-fla|2|2|10|2|879985534|1|1|
globox|2011-12-16|6|nyi-pit|1|2|2|X|879975787|-0.5|2|
globox|2011-12-16|7|njd-phi|1|2|0|1|879981986|1|1|
globox|2011-12-16|8|edm-van|1|5|2|1|879975904|1|1|
globox|2011-12-16|10|nyr-col|2|0|10|2|879975140|1|1|
globox|2011-12-16|11|sjs-ana|1|10|0|1|879977534|1|1|
globox|2011-12-16|12|lak-dal|1|3|1|1|879977363|1|1|
globox|2011-12-16|13|chi-nas|1|2|4|2|879972507|-0.5|1|
globox|2011-12-16|14|stl-det|2|6|6|X|880014484|-0.5|2|
globox|2011-12-16|15|cbj-phx|2|1|6|2|879975484|1|1|
sollu|2011-12-16|1|buf-bos|1|4|3|1|879977328|1|1|
sollu|2011-12-16|2|tor-ott|1|9|0|1|879985910|1|1|
sollu|2011-12-16|3|wpg-was|1|10|1|1|879977667|1|1|
sollu|2011-12-16|4|tbl-car|2|3|9|2|879985944|1|1|
sollu|2011-12-16|5|mtl-fla|2|2|10|2|879985534|1|1|
sollu|2011-12-16|6|nyi-pit|1|2|2|X|879975787|-0.5|2|
sollu|2011-12-16|7|njd-phi|1|2|0|1|879981986|1|1|
sollu|2011-12-16|8|edm-van|1|5|2|1|879975904|1|1|
sollu|2011-12-16|9|min-cgy|1|6|1|1|879977073|1|1|
sollu|2011-12-16|11|sjs-ana|1|10|0|1|879977534|1|1|
sollu|2011-12-16|12|lak-dal|1|3|1|1|879977363|1|1|
sollu|2011-12-16|13|chi-nas|1|2|4|2|879972507|-0.5|1|
sollu|2011-12-16|14|stl-det|2|6|6|X|880014484|-0.5|2|
sollu|2011-12-16|15|cbj-phx|2|1|6|2|879975484|1|1|
misko|2011-12-16|1|buf-bos|1|4|3|1|879977328|1|1|
misko|2011-12-16|2|tor-ott|1|9|0|1|879985910|1|1|
misko|2011-12-16|3|wpg-was|1|10|1|1|879977667|1|1|
misko|2011-12-16|4|tbl-car|2|3|9|2|879985944|1|1|
misko|2011-12-16|5|mtl-fla|2|2|10|2|879985534|1|1|
misko|2011-12-16|6|nyi-pit|1|2|2|X|879975787|-0.5|2|
misko|2011-12-16|7|njd-phi|2|2|0|1|879981986|-0.5|1|
misko|2011-12-16|8|edm-van|1|5|2|1|879975904|1|1|
misko|2011-12-16|9|min-cgy|1|6|1|1|879977073|1|1|
misko|2011-12-16|10|nyr-col|2|0|10|2|879975140|1|1|
misko|2011-12-16|11|sjs-ana|1|10|0|1|879977534|1|1|
misko|2011-12-16|12|lak-dal|1|3|1|1|879977363|1|1|
misko|2011-12-16|13|chi-nas|1|2|4|2|879972507|-0.5|1|
misko|2011-12-16|15|cbj-phx|X|1|6|2|879975484|-0.5|1|
pescalune|2011-12-16|1|buf-bos|X|4|3|1|879977328|-0.5|1|
pescalune|2011-12-16|2|tor-ott|1|9|0|1|879985910|1|1|
pescalune|2011-12-16|3|wpg-was|1|10|1|1|879977667|1|1|
pescalune|2011-12-16|4|tbl-car|2|3|9|2|879985944|1|1|
pescalune|2011-12-16|5|mtl-fla|2|2|10|2|879985534|1|1|
pescalune|2011-12-16|6|nyi-pit|1|2|2|X|879975787|-0.5|2|
pescalune|2011-12-16|7|njd-phi|X|2|0|1|879981986|-0.5|1|
pescalune|2011-12-16|8|edm-van|1|5|2|1|879975904|1|1|
pescalune|2011-12-16|9|min-cgy|1|6|1|1|879977073|1|1|
pescalune|2011-12-16|10|nyr-col|2|0|10|2|879975140|1|1|
pescalune|2011-12-16|11|sjs-ana|1|10|0|1|879977534|1|1|
pescalune|2011-12-16|13|chi-nas|1|2|4|2|879972507|-0.5|1|
pescalune|2011-12-16|14|stl-det|1|6|6|X|880014484|-0.5|2|
pescalune|2011-12-16|15|cbj-phx|2|1|6|2|879975484|1|1|
