globox|2011-12-31|76|wpg-tor|1|0|4|2|879985097|-0.5|1|
globox|2011-12-31|77|mtl-tbl|1|0|2|2|880008130|-0.5|1|
globox|2011-12-31|78|ott-fla|2|0|8|2|879975490|1|1|
globox|2011-12-31|79|car-bos|1|3|1|1|879984125|1|1|
globox|2011-12-31|80|was-buf|2|3|2|1|879975235|-0.5|1|
globox|2011-12-31|81|edm-njd|1|6|1|1|879976609|1|1|
globox|2011-12-31|82|nyr-min|2|0|6|2|879976777|1|1|
globox|2011-12-31|83|phi-col|2|0|7|2|879975593|1|1|
globox|2011-12-31|85|van-nyi|2|2|6|2|879975790|1|1|
globox|2011-12-31|86|lak-chi|2|2|5|2|879977494|1|1|
globox|2011-12-31|87|phx-stl|2|0|5|2|880044939|1|1|
globox|2011-12-31|88|dal-cbj|X|1|1|X|879984028|2|2|
globox|2011-12-31|89|det-ana|1|4|2|1|879977330|1|1|
globox|2011-12-31|90|nas-sjs|2|3|6|2|879977540|1|1|
pescalune|2011-12-31|76|wpg-tor|1|0|4|2|879985097|-0.5|1|
pescalune|2011-12-31|77|mtl-tbl|1|0|2|2|880008130|-0.5|1|
pescalune|2011-12-31|78|ott-fla|2|0|8|2|879975490|1|1|
pescalune|2011-12-31|79|car-bos|1|3|1|1|879984125|1|1|
pescalune|2011-12-31|80|was-buf|1|3|2|1|879975235|1|1|
pescalune|2011-12-31|81|edm-njd|1|6|1|1|879976609|1|1|
pescalune|2011-12-31|82|nyr-min|2|0|6|2|879976777|1|1|
pescalune|2011-12-31|83|phi-col|2|0|7|2|879975593|1|1|
pescalune|2011-12-31|84|pit-cgy|1|2|1|1|879984927|1|1|
pescalune|2011-12-31|85|van-nyi|2|2|6|2|879975790|1|1|
pescalune|2011-12-31|86|lak-chi|2|2|5|2|879977494|1|1|
pescalune|2011-12-31|87|phx-stl|2|0|5|2|880044939|1|1|
pescalune|2011-12-31|89|det-ana|1|4|2|1|879977330|1|1|
pescalune|2011-12-31|90|nas-sjs|2|3|6|2|879977540|1|1|
