earlt|2012-01-21|166|wpg-mtl|1|1|3|2|879985539|-0.5|1|
earlt|2012-01-21|167|ott-tbl|2|2|5|2|880010428|1|1|
earlt|2012-01-21|168|bos-fla|2|0|3|2|879977310|1|1|
earlt|2012-01-21|169|car-buf|1|8|1|1|879984888|1|1|
earlt|2012-01-21|170|was-tor|2|0|2|2|879985101|1|1|
earlt|2012-01-21|171|edm-nyr|2|2|3|2|879981667|1|1|
earlt|2012-01-21|172|min-phi|1|11|0|1|879981987|1|1|
earlt|2012-01-21|173|pit-col|2|0|5|2|879974734|1|1|
earlt|2012-01-21|174|cgy-nyi|2|0|1|2|879983808|1|1|
earlt|2012-01-21|175|van-njd|2|3|2|1|879976610|-0.5|1|
earlt|2012-01-21|176|phx-chi|1|0|5|2|880039981|-0.5|1|
earlt|2012-01-21|177|dal-stl|2|2|6|2|879985584|1|1|
earlt|2012-01-21|178|ana-cbj|2|2|6|2|879984032|1|1|
earlt|2012-01-21|180|nas-lak|2|3|4|2|879977398|1|1|
cpalo|2012-01-21|166|wpg-mtl|2|1|3|2|879985539|1|1|
cpalo|2012-01-21|167|ott-tbl|1|2|5|2|880010428|-0.5|1|
cpalo|2012-01-21|168|bos-fla|1|0|3|2|879977310|-0.5|1|
cpalo|2012-01-21|169|car-buf|1|8|1|1|879984888|1|1|
cpalo|2012-01-21|170|was-tor|1|0|2|2|879985101|-0.5|1|
cpalo|2012-01-21|171|edm-nyr|1|2|3|2|879981667|-0.5|1|
cpalo|2012-01-21|172|min-phi|1|11|0|1|879981987|1|1|
cpalo|2012-01-21|173|pit-col|2|0|5|2|879974734|1|1|
cpalo|2012-01-21|174|cgy-nyi|1|0|1|2|879983808|-0.5|1|
cpalo|2012-01-21|175|van-njd|1|3|2|1|879976610|1|1|
cpalo|2012-01-21|176|phx-chi|1|0|5|2|880039981|-0.5|1|
cpalo|2012-01-21|177|dal-stl|2|2|6|2|879985584|1|1|
cpalo|2012-01-21|178|ana-cbj|2|2|6|2|879984032|1|1|
cpalo|2012-01-21|179|det-sjs|1|6|4|1|879977549|1|1|
globox|2012-01-21|166|wpg-mtl|1|1|3|2|879985539|-0.5|1|
globox|2012-01-21|167|ott-tbl|2|2|5|2|880010428|1|1|
globox|2012-01-21|168|bos-fla|2|0|3|2|879977310|1|1|
globox|2012-01-21|169|car-buf|1|8|1|1|879984888|1|1|
globox|2012-01-21|170|was-tor|2|0|2|2|879985101|1|1|
globox|2012-01-21|171|edm-nyr|2|2|3|2|879981667|1|1|
globox|2012-01-21|172|min-phi|1|11|0|1|879981987|1|1|
globox|2012-01-21|173|pit-col|2|0|5|2|879974734|1|1|
globox|2012-01-21|175|van-njd|X|3|2|1|879976610|-0.5|1|
globox|2012-01-21|176|phx-chi|2|0|5|2|880039981|1|1|
globox|2012-01-21|177|dal-stl|2|2|6|2|879985584|1|1|
globox|2012-01-21|178|ana-cbj|2|2|6|2|879984032|1|1|
globox|2012-01-21|179|det-sjs|2|6|4|1|879977549|-0.5|1|
globox|2012-01-21|180|nas-lak|2|3|4|2|879977398|1|1|
pescalune|2012-01-21|166|wpg-mtl|1|1|3|2|879985539|-0.5|1|
pescalune|2012-01-21|167|ott-tbl|2|2|5|2|880010428|1|1|
pescalune|2012-01-21|168|bos-fla|2|0|3|2|879977310|1|1|
pescalune|2012-01-21|169|car-buf|1|8|1|1|879984888|1|1|
pescalune|2012-01-21|170|was-tor|2|0|2|2|879985101|1|1|
pescalune|2012-01-21|171|edm-nyr|X|2|3|2|879981667|-0.5|1|
pescalune|2012-01-21|172|min-phi|1|11|0|1|879981987|1|1|
pescalune|2012-01-21|173|pit-col|2|0|5|2|879974734|1|1|
pescalune|2012-01-21|174|cgy-nyi|2|0|1|2|879983808|1|1|
pescalune|2012-01-21|175|van-njd|1|3|2|1|879976610|1|1|
pescalune|2012-01-21|176|phx-chi|2|0|5|2|880039981|1|1|
pescalune|2012-01-21|178|ana-cbj|2|2|6|2|879984032|1|1|
pescalune|2012-01-21|179|det-sjs|2|6|4|1|879977549|-0.5|1|
pescalune|2012-01-21|180|nas-lak|X|3|4|2|879977398|-0.5|1|
tomson|2012-01-21|166|wpg-mtl|1|1|3|2|879985539|-0.5|1|
tomson|2012-01-21|167|ott-tbl|2|2|5|2|880010428|1|1|
tomson|2012-01-21|168|bos-fla|2|0|3|2|879977310|1|1|
tomson|2012-01-21|169|car-buf|1|8|1|1|879984888|1|1|
tomson|2012-01-21|170|was-tor|2|0|2|2|879985101|1|1|
tomson|2012-01-21|171|edm-nyr|1|2|3|2|879981667|-0.5|1|
tomson|2012-01-21|172|min-phi|1|11|0|1|879981987|1|1|
tomson|2012-01-21|174|cgy-nyi|2|0|1|2|879983808|1|1|
tomson|2012-01-21|175|van-njd|1|3|2|1|879976610|1|1|
tomson|2012-01-21|176|phx-chi|2|0|5|2|880039981|1|1|
tomson|2012-01-21|177|dal-stl|2|2|6|2|879985584|1|1|
tomson|2012-01-21|178|ana-cbj|2|2|6|2|879984032|1|1|
tomson|2012-01-21|179|det-sjs|1|6|4|1|879977549|1|1|
tomson|2012-01-21|180|nas-lak|1|3|4|2|879977398|-0.5|1|
