globox|2012-01-14|136|ott-wpg|2|0|8|2|879984232|1|1|
globox|2012-01-14|137|bos-tbl|1|8|2|1|879981961|1|1|
globox|2012-01-14|138|fla-buf|1|4|2|1|879975234|1|1|
globox|2012-01-14|139|car-tor|1|4|1|1|879985100|1|1|
globox|2012-01-14|140|was-mtl|2|3|1|1|879985536|-0.5|1|
globox|2012-01-14|141|phi-edm|2|1|7|2|879975594|1|1|
globox|2012-01-14|142|pit-min|2|2|4|2|879978135|1|1|
globox|2012-01-14|143|nyi-col|2|0|9|2|879975792|1|1|
globox|2012-01-14|145|van-nyr|2|1|4|2|879975142|1|1|
globox|2012-01-14|146|dal-chi|2|1|6|2|879976409|1|1|
globox|2012-01-14|147|ana-stl|2|0|6|2|879985582|1|1|
globox|2012-01-14|148|cbj-sjs|2|0|7|2|879984030|1|1|
globox|2012-01-14|149|det-lak|1|2|3|2|879977394|-0.5|1|
globox|2012-01-14|150|nas-phx|2|3|3|X|879975485|-0.5|2|
tomson|2012-01-14|136|ott-wpg|2|0|8|2|879984232|1|1|
tomson|2012-01-14|137|bos-tbl|1|8|2|1|879981961|1|1|
tomson|2012-01-14|138|fla-buf|1|4|2|1|879975234|1|1|
tomson|2012-01-14|139|car-tor|1|4|1|1|879985100|1|1|
tomson|2012-01-14|140|was-mtl|1|3|1|1|879985536|1|1|
tomson|2012-01-14|141|phi-edm|2|1|7|2|879975594|1|1|
tomson|2012-01-14|143|nyi-col|2|0|9|2|879975792|1|1|
tomson|2012-01-14|144|cgy-njd|1|3|1|1|879976657|1|1|
tomson|2012-01-14|145|van-nyr|2|1|4|2|879975142|1|1|
tomson|2012-01-14|146|dal-chi|2|1|6|2|879976409|1|1|
tomson|2012-01-14|147|ana-stl|2|0|6|2|879985582|1|1|
tomson|2012-01-14|148|cbj-sjs|2|0|7|2|879984030|1|1|
tomson|2012-01-14|149|det-lak|1|2|3|2|879977394|-0.5|1|
tomson|2012-01-14|150|nas-phx|1|3|3|X|879975485|-0.5|2|
cpalo|2012-01-14|136|ott-wpg|1|0|8|2|879984232|-0.5|1|
cpalo|2012-01-14|137|bos-tbl|2|8|2|1|879981961|-0.5|1|
cpalo|2012-01-14|138|fla-buf|1|4|2|1|879975234|1|1|
cpalo|2012-01-14|139|car-tor|1|4|1|1|879985100|1|1|
cpalo|2012-01-14|140|was-mtl|2|3|1|1|879985536|-0.5|1|
cpalo|2012-01-14|141|phi-edm|1|1|7|2|879975594|-0.5|1|
cpalo|2012-01-14|142|pit-min|2|2|4|2|879978135|1|1|
cpalo|2012-01-14|143|nyi-col|2|0|9|2|879975792|1|1|
cpalo|2012-01-14|144|cgy-njd|1|3|1|1|879976657|1|1|
cpalo|2012-01-14|145|van-nyr|1|1|4|2|879975142|-0.5|1|
cpalo|2012-01-14|146|dal-chi|2|1|6|2|879976409|1|1|
cpalo|2012-01-14|147|ana-stl|2|0|6|2|879985582|1|1|
cpalo|2012-01-14|148|cbj-sjs|2|0|7|2|879984030|1|1|
cpalo|2012-01-14|150|nas-phx|2|3|3|X|879975485|-0.5|2|
noel|2012-01-14|136|ott-wpg|2|0|8|2|879984232|1|1|
noel|2012-01-14|137|bos-tbl|1|8|2|1|879981961|1|1|
noel|2012-01-14|138|fla-buf|1|4|2|1|879975234|1|1|
noel|2012-01-14|139|car-tor|1|4|1|1|879985100|1|1|
noel|2012-01-14|140|was-mtl|1|3|1|1|879985536|1|1|
noel|2012-01-14|142|pit-min|1|2|4|2|879978135|-0.5|1|
noel|2012-01-14|143|nyi-col|2|0|9|2|879975792|1|1|
noel|2012-01-14|144|cgy-njd|1|3|1|1|879976657|1|1|
noel|2012-01-14|145|van-nyr|1|1|4|2|879975142|-0.5|1|
noel|2012-01-14|146|dal-chi|1|1|6|2|879976409|-0.5|1|
noel|2012-01-14|147|ana-stl|2|0|6|2|879985582|1|1|
noel|2012-01-14|148|cbj-sjs|2|0|7|2|879984030|1|1|
noel|2012-01-14|149|det-lak|1|2|3|2|879977394|-0.5|1|
noel|2012-01-14|150|nas-phx|1|3|3|X|879975485|-0.5|2|
pescalune|2012-01-14|136|ott-wpg|2|0|8|2|879984232|1|1|
pescalune|2012-01-14|137|bos-tbl|1|8|2|1|879981961|1|1|
pescalune|2012-01-14|138|fla-buf|1|4|2|1|879975234|1|1|
pescalune|2012-01-14|139|car-tor|2|4|1|1|879985100|-0.5|1|
pescalune|2012-01-14|140|was-mtl|2|3|1|1|879985536|-0.5|1|
pescalune|2012-01-14|141|phi-edm|2|1|7|2|879975594|1|1|
pescalune|2012-01-14|142|pit-min|2|2|4|2|879978135|1|1|
pescalune|2012-01-14|143|nyi-col|2|0|9|2|879975792|1|1|
pescalune|2012-01-14|144|cgy-njd|1|3|1|1|879976657|1|1|
pescalune|2012-01-14|145|van-nyr|2|1|4|2|879975142|1|1|
pescalune|2012-01-14|147|ana-stl|2|0|6|2|879985582|1|1|
pescalune|2012-01-14|148|cbj-sjs|2|0|7|2|879984030|1|1|
pescalune|2012-01-14|149|det-lak|1|2|3|2|879977394|-0.5|1|
pescalune|2012-01-14|150|nas-phx|2|3|3|X|879975485|-0.5|2|
sollu|2012-01-14|136|ott-wpg|2|0|8|2|879984232|1|1|
sollu|2012-01-14|137|bos-tbl|1|8|2|1|879981961|1|1|
sollu|2012-01-14|138|fla-buf|1|4|2|1|879975234|1|1|
sollu|2012-01-14|139|car-tor|1|4|1|1|879985100|1|1|
sollu|2012-01-14|140|was-mtl|2|3|1|1|879985536|-0.5|1|
sollu|2012-01-14|141|phi-edm|1|1|7|2|879975594|-0.5|1|
sollu|2012-01-14|142|pit-min|2|2|4|2|879978135|1|1|
sollu|2012-01-14|144|cgy-njd|1|3|1|1|879976657|1|1|
sollu|2012-01-14|145|van-nyr|2|1|4|2|879975142|1|1|
sollu|2012-01-14|146|dal-chi|2|1|6|2|879976409|1|1|
sollu|2012-01-14|147|ana-stl|2|0|6|2|879985582|1|1|
sollu|2012-01-14|148|cbj-sjs|2|0|7|2|879984030|1|1|
sollu|2012-01-14|149|det-lak|1|2|3|2|879977394|-0.5|1|
sollu|2012-01-14|150|nas-phx|2|3|3|X|879975485|-0.5|2|
