globox|2012-01-07|106|njd-pit|2|0|7|2|879978131|1|1|
globox|2012-01-07|107|nyr-nyi|2|3|6|2|879975791|1|1|
globox|2012-01-07|108|min-van|1|6|1|1|879976789|1|1|
globox|2012-01-07|109|col-edm|1|7|0|1|879975141|1|1|
globox|2012-01-07|111|car-sjs|1|3|4|2|879985199|-0.5|1|
globox|2012-01-07|112|fla-dal|1|2|0|1|879974947|1|1|
globox|2012-01-07|113|wpg-phx|1|6|1|1|879984736|1|1|
globox|2012-01-07|114|was-lak|1|4|1|1|879977387|1|1|
globox|2012-01-07|115|tbl-ana|1|2|2|X|879976592|-0.5|2|
globox|2012-01-07|116|tor-det|2|13|2|1|879985098|-0.5|1|
globox|2012-01-07|117|bos-stl|2|3|4|2|879985581|1|1|
globox|2012-01-07|118|mtl-nas|1|3|2|1|879985535|1|1|
globox|2012-01-07|119|buf-chi|2|1|3|2|880577373|1|1|
globox|2012-01-07|120|ott-cbj|2|1|6|2|880011761|1|1|
cpalo|2012-01-07|106|njd-pit|2|0|7|2|879978131|1|1|
cpalo|2012-01-07|107|nyr-nyi|2|3|6|2|879975791|1|1|
cpalo|2012-01-07|108|min-van|2|6|1|1|879976789|-0.5|1|
cpalo|2012-01-07|109|col-edm|1|7|0|1|879975141|1|1|
cpalo|2012-01-07|110|phi-cgy|1|0|4|2|879993285|-0.5|1|
cpalo|2012-01-07|111|car-sjs|2|3|4|2|879985199|1|1|
cpalo|2012-01-07|112|fla-dal|1|2|0|1|879974947|1|1|
cpalo|2012-01-07|113|wpg-phx|2|6|1|1|879984736|-0.5|1|
cpalo|2012-01-07|115|tbl-ana|1|2|2|X|879976592|-0.5|2|
cpalo|2012-01-07|116|tor-det|2|13|2|1|879985098|-0.5|1|
cpalo|2012-01-07|117|bos-stl|2|3|4|2|879985581|1|1|
cpalo|2012-01-07|118|mtl-nas|2|3|2|1|879985535|-0.5|1|
cpalo|2012-01-07|119|buf-chi|2|1|3|2|880577373|1|1|
cpalo|2012-01-07|120|ott-cbj|1|1|6|2|880011761|-0.5|1|
pescalune|2012-01-07|106|njd-pit|2|0|7|2|879978131|1|1|
pescalune|2012-01-07|107|nyr-nyi|2|3|6|2|879975791|1|1|
pescalune|2012-01-07|108|min-van|1|6|1|1|879976789|1|1|
pescalune|2012-01-07|109|col-edm|1|7|0|1|879975141|1|1|
pescalune|2012-01-07|110|phi-cgy|2|0|4|2|879993285|1|1|
pescalune|2012-01-07|111|car-sjs|1|3|4|2|879985199|-0.5|1|
pescalune|2012-01-07|113|wpg-phx|1|6|1|1|879984736|1|1|
pescalune|2012-01-07|114|was-lak|1|4|1|1|879977387|1|1|
pescalune|2012-01-07|115|tbl-ana|1|2|2|X|879976592|-0.5|2|
pescalune|2012-01-07|116|tor-det|1|13|2|1|879985098|1|1|
pescalune|2012-01-07|117|bos-stl|2|3|4|2|879985581|1|1|
pescalune|2012-01-07|118|mtl-nas|1|3|2|1|879985535|1|1|
pescalune|2012-01-07|119|buf-chi|2|1|3|2|880577373|1|1|
pescalune|2012-01-07|120|ott-cbj|2|1|6|2|880011761|1|1|
tomson|2012-01-07|107|nyr-nyi|2|3|6|2|879975791|1|1|
tomson|2012-01-07|108|min-van|1|6|1|1|879976789|1|1|
tomson|2012-01-07|109|col-edm|1|7|0|1|879975141|1|1|
tomson|2012-01-07|110|phi-cgy|2|0|4|2|879993285|1|1|
tomson|2012-01-07|111|car-sjs|1|3|4|2|879985199|-0.5|1|
tomson|2012-01-07|112|fla-dal|1|2|0|1|879974947|1|1|
tomson|2012-01-07|113|wpg-phx|1|6|1|1|879984736|1|1|
tomson|2012-01-07|114|was-lak|1|4|1|1|879977387|1|1|
tomson|2012-01-07|115|tbl-ana|2|2|2|X|879976592|-0.5|2|
tomson|2012-01-07|116|tor-det|1|13|2|1|879985098|1|1|
tomson|2012-01-07|117|bos-stl|2|3|4|2|879985581|1|1|
tomson|2012-01-07|118|mtl-nas|2|3|2|1|879985535|-0.5|1|
tomson|2012-01-07|119|buf-chi|1|1|3|2|880577373|-0.5|1|
tomson|2012-01-07|120|ott-cbj|2|1|6|2|880011761|1|1|
sollu|2012-01-07|106|njd-pit|2|0|7|2|879978131|1|1|
sollu|2012-01-07|107|nyr-nyi|1|3|6|2|879975791|-0.5|1|
sollu|2012-01-07|108|min-van|1|6|1|1|879976789|1|1|
sollu|2012-01-07|110|phi-cgy|2|0|4|2|879993285|1|1|
sollu|2012-01-07|111|car-sjs|1|3|4|2|879985199|-0.5|1|
sollu|2012-01-07|112|fla-dal|1|2|0|1|879974947|1|1|
sollu|2012-01-07|113|wpg-phx|1|6|1|1|879984736|1|1|
sollu|2012-01-07|114|was-lak|2|4|1|1|879977387|-0.5|1|
sollu|2012-01-07|115|tbl-ana|1|2|2|X|879976592|-0.5|2|
sollu|2012-01-07|116|tor-det|2|13|2|1|879985098|-0.5|1|
sollu|2012-01-07|117|bos-stl|2|3|4|2|879985581|1|1|
sollu|2012-01-07|118|mtl-nas|2|3|2|1|879985535|-0.5|1|
sollu|2012-01-07|119|buf-chi|2|1|3|2|880577373|1|1|
sollu|2012-01-07|120|ott-cbj|2|1|6|2|880011761|1|1|
