globox|2012-01-29|1009|pit-car|2|1|7|2|880696645|1|1|
globox|2012-01-29|1010|mtl-tor|2|2|3|2|880699092|1|1|
globox|2012-01-29|1011|was-nyi|2|2|1|1|880694486|-0.5|1|
globox|2012-01-29|1012|fla-wpg|2|1|5|2|880691625|1|1|
globox|2012-01-29|1013|phx-col|2|2|6|2|880693848|1|1|
globox|2012-01-29|1014|det-stl|2|0|2|2|880693294|1|1|
globox|2012-01-29|1015|lak-sjs|2|1|7|2|880692059|1|1|
globox|2012-01-29|1016|chi-min|2|2|1|1|880695709|-0.5|1|
pescalune|2012-01-29|1009|pit-car|2|1|7|2|880696645|1|1|
pescalune|2012-01-29|1010|mtl-tor|2|2|3|2|880699092|1|1|
pescalune|2012-01-29|1011|was-nyi|1|2|1|1|880694486|1|1|
pescalune|2012-01-29|1012|fla-wpg|1|1|5|2|880691625|-0.5|1|
pescalune|2012-01-29|1013|phx-col|2|2|6|2|880693848|1|1|
pescalune|2012-01-29|1014|det-stl|2|0|2|2|880693294|1|1|
pescalune|2012-01-29|1015|lak-sjs|2|1|7|2|880692059|1|1|
pescalune|2012-01-29|1016|chi-min|2|2|1|1|880695709|-0.5|1|
