globox|2012-01-22|181|tor-bos|1|4|2|1|879985102|1|1|
globox|2012-01-22|182|mtl-buf|2|5|3|1|880006940|-0.5|1|
globox|2012-01-22|183|tbl-was|2|0|3|2|879976590|1|1|
globox|2012-01-22|184|fla-wpg|1|3|5|2|880674420|-0.5|1|
globox|2012-01-22|185|car-ott|1|13|1|1|879984238|1|1|
globox|2012-01-22|186|col-det|1|10|1|1|879975511|1|1|
globox|2012-01-22|187|min-stl|1|2|4|2|879985586|-0.5|1|
globox|2012-01-22|188|edm-nas|2|0|3|2|879973978|1|1|
globox|2012-01-22|190|van-cbj|2|1|6|2|879984039|1|1|
globox|2012-01-22|191|sjs-nyr|1|6|1|1|879977550|1|1|
globox|2012-01-22|192|dal-pit|2|1|0|1|879976585|-0.5|1|
globox|2012-01-22|193|phx-nyi|1|5|1|1|880015436|1|1|
globox|2012-01-22|194|lak-njd|1|7|1|1|879977399|1|1|
globox|2012-01-22|195|ana-phi|1|4|2|1|879981988|1|1|
earlt|2012-01-22|181|tor-bos|1|4|2|1|879985102|1|1|
earlt|2012-01-22|182|mtl-buf|1|5|3|1|880006940|1|1|
earlt|2012-01-22|183|tbl-was|1|0|3|2|879976590|-0.5|1|
earlt|2012-01-22|184|fla-wpg|2|3|5|2|880674420|1|1|
earlt|2012-01-22|185|car-ott|1|13|1|1|879984238|1|1|
earlt|2012-01-22|186|col-det|1|10|1|1|879975511|1|1|
earlt|2012-01-22|187|min-stl|2|2|4|2|879985586|1|1|
earlt|2012-01-22|188|edm-nas|2|0|3|2|879973978|1|1|
earlt|2012-01-22|189|cgy-chi|2|2|3|2|879977495|1|1|
earlt|2012-01-22|190|van-cbj|2|1|6|2|879984039|1|1|
earlt|2012-01-22|192|dal-pit|2|1|0|1|879976585|-0.5|1|
earlt|2012-01-22|193|phx-nyi|1|5|1|1|880015436|1|1|
earlt|2012-01-22|194|lak-njd|1|7|1|1|879977399|1|1|
earlt|2012-01-22|195|ana-phi|2|4|2|1|879981988|-0.5|1|
cpalo|2012-01-22|181|tor-bos|1|4|2|1|879985102|1|1|
cpalo|2012-01-22|182|mtl-buf|1|5|3|1|880006940|1|1|
cpalo|2012-01-22|183|tbl-was|1|0|3|2|879976590|-0.5|1|
cpalo|2012-01-22|184|fla-wpg|1|3|5|2|880674420|-0.5|1|
cpalo|2012-01-22|185|car-ott|1|13|1|1|879984238|1|1|
cpalo|2012-01-22|186|col-det|1|10|1|1|879975511|1|1|
cpalo|2012-01-22|187|min-stl|2|2|4|2|879985586|1|1|
cpalo|2012-01-22|188|edm-nas|1|0|3|2|879973978|-0.5|1|
cpalo|2012-01-22|189|cgy-chi|2|2|3|2|879977495|1|1|
cpalo|2012-01-22|190|van-cbj|2|1|6|2|879984039|1|1|
cpalo|2012-01-22|191|sjs-nyr|1|6|1|1|879977550|1|1|
cpalo|2012-01-22|192|dal-pit|2|1|0|1|879976585|-0.5|1|
cpalo|2012-01-22|193|phx-nyi|1|5|1|1|880015436|1|1|
cpalo|2012-01-22|195|ana-phi|2|4|2|1|879981988|-0.5|1|
pescalune|2012-01-22|181|tor-bos|1|4|2|1|879985102|1|1|
pescalune|2012-01-22|182|mtl-buf|1|5|3|1|880006940|1|1|
pescalune|2012-01-22|183|tbl-was|2|0|3|2|879976590|1|1|
pescalune|2012-01-22|184|fla-wpg|2|3|5|2|880674420|1|1|
pescalune|2012-01-22|185|car-ott|1|13|1|1|879984238|1|1|
pescalune|2012-01-22|186|col-det|1|10|1|1|879975511|1|1|
pescalune|2012-01-22|187|min-stl|1|2|4|2|879985586|-0.5|1|
pescalune|2012-01-22|188|edm-nas|X|0|3|2|879973978|-0.5|1|
pescalune|2012-01-22|189|cgy-chi|2|2|3|2|879977495|1|1|
pescalune|2012-01-22|190|van-cbj|2|1|6|2|879984039|1|1|
pescalune|2012-01-22|191|sjs-nyr|1|6|1|1|879977550|1|1|
pescalune|2012-01-22|193|phx-nyi|1|5|1|1|880015436|1|1|
pescalune|2012-01-22|194|lak-njd|1|7|1|1|879977399|1|1|
pescalune|2012-01-22|195|ana-phi|1|4|2|1|879981988|1|1|
tomson|2012-01-22|181|tor-bos|1|4|2|1|879985102|1|1|
tomson|2012-01-22|182|mtl-buf|2|5|3|1|880006940|-0.5|1|
tomson|2012-01-22|183|tbl-was|2|0|3|2|879976590|1|1|
tomson|2012-01-22|184|fla-wpg|2|3|5|2|880674420|1|1|
tomson|2012-01-22|185|car-ott|1|13|1|1|879984238|1|1|
tomson|2012-01-22|186|col-det|1|10|1|1|879975511|1|1|
tomson|2012-01-22|187|min-stl|2|2|4|2|879985586|1|1|
tomson|2012-01-22|188|edm-nas|2|0|3|2|879973978|1|1|
tomson|2012-01-22|189|cgy-chi|2|2|3|2|879977495|1|1|
tomson|2012-01-22|190|van-cbj|2|1|6|2|879984039|1|1|
tomson|2012-01-22|191|sjs-nyr|1|6|1|1|879977550|1|1|
tomson|2012-01-22|193|phx-nyi|1|5|1|1|880015436|1|1|
tomson|2012-01-22|194|lak-njd|1|7|1|1|879977399|1|1|
tomson|2012-01-22|195|ana-phi|1|4|2|1|879981988|1|1|
