globox|2012-01-15|151|tor-mtl|1|2|0|1|880016869|1|1|
globox|2012-01-15|152|bos-ott|1|8|0|1|879984235|1|1|
globox|2012-01-15|153|tbl-fla|2|0|6|2|879976589|1|1|
globox|2012-01-15|154|was-car|2|2|5|2|879984132|1|1|
globox|2012-01-15|155|buf-wpg|2|0|5|2|879982602|1|1|
globox|2012-01-15|156|nyr-det|2|3|9|2|879975698|1|1|
globox|2012-01-15|157|pit-stl|2|1|8|2|880645352|1|1|
globox|2012-01-15|158|nyi-nas|1|1|5|2|879972702|-0.5|1|
globox|2012-01-15|159|njd-chi|2|1|11|2|879977496|1|1|
globox|2012-01-15|160|phi-cbj|2|0|6|2|880017990|1|1|
globox|2012-01-15|161|col-sjs|1|5|3|1|879977548|1|1|
globox|2012-01-15|162|min-dal|1|10|0|1|879976780|1|1|
globox|2012-01-15|163|edm-phx|2|0|5|2|880039823|1|1|
globox|2012-01-15|165|van-ana|1|2|2|X|879977067|-0.5|2|
tomson|2012-01-15|151|tor-mtl|1|2|0|1|880016869|1|1|
tomson|2012-01-15|152|bos-ott|1|8|0|1|879984235|1|1|
tomson|2012-01-15|153|tbl-fla|2|0|6|2|879976589|1|1|
tomson|2012-01-15|154|was-car|2|2|5|2|879984132|1|1|
tomson|2012-01-15|155|buf-wpg|2|0|5|2|879982602|1|1|
tomson|2012-01-15|156|nyr-det|2|3|9|2|879975698|1|1|
tomson|2012-01-15|158|nyi-nas|2|1|5|2|879972702|1|1|
tomson|2012-01-15|159|njd-chi|2|1|11|2|879977496|1|1|
tomson|2012-01-15|160|phi-cbj|2|0|6|2|880017990|1|1|
tomson|2012-01-15|161|col-sjs|1|5|3|1|879977548|1|1|
tomson|2012-01-15|162|min-dal|1|10|0|1|879976780|1|1|
tomson|2012-01-15|163|edm-phx|1|0|5|2|880039823|-0.5|1|
tomson|2012-01-15|164|cgy-lak|2|1|3|2|879977395|1|1|
tomson|2012-01-15|165|van-ana|2|2|2|X|879977067|-0.5|2|
cpalo|2012-01-15|151|tor-mtl|1|2|0|1|880016869|1|1|
cpalo|2012-01-15|152|bos-ott|2|8|0|1|879984235|-0.5|1|
cpalo|2012-01-15|153|tbl-fla|2|0|6|2|879976589|1|1|
cpalo|2012-01-15|154|was-car|2|2|5|2|879984132|1|1|
cpalo|2012-01-15|155|buf-wpg|2|0|5|2|879982602|1|1|
cpalo|2012-01-15|156|nyr-det|2|3|9|2|879975698|1|1|
cpalo|2012-01-15|157|pit-stl|2|1|8|2|880645352|1|1|
cpalo|2012-01-15|158|nyi-nas|2|1|5|2|879972702|1|1|
cpalo|2012-01-15|159|njd-chi|2|1|11|2|879977496|1|1|
cpalo|2012-01-15|160|phi-cbj|2|0|6|2|880017990|1|1|
cpalo|2012-01-15|161|col-sjs|1|5|3|1|879977548|1|1|
cpalo|2012-01-15|162|min-dal|1|10|0|1|879976780|1|1|
cpalo|2012-01-15|163|edm-phx|2|0|5|2|880039823|1|1|
cpalo|2012-01-15|165|van-ana|1|2|2|X|879977067|-0.5|2|
noel|2012-01-15|151|tor-mtl|1|2|0|1|880016869|1|1|
noel|2012-01-15|152|bos-ott|1|8|0|1|879984235|1|1|
noel|2012-01-15|153|tbl-fla|2|0|6|2|879976589|1|1|
noel|2012-01-15|154|was-car|2|2|5|2|879984132|1|1|
noel|2012-01-15|155|buf-wpg|2|0|5|2|879982602|1|1|
noel|2012-01-15|156|nyr-det|2|3|9|2|879975698|1|1|
noel|2012-01-15|157|pit-stl|2|1|8|2|880645352|1|1|
noel|2012-01-15|158|nyi-nas|1|1|5|2|879972702|-0.5|1|
noel|2012-01-15|159|njd-chi|1|1|11|2|879977496|-0.5|1|
noel|2012-01-15|161|col-sjs|1|5|3|1|879977548|1|1|
noel|2012-01-15|162|min-dal|1|10|0|1|879976780|1|1|
noel|2012-01-15|163|edm-phx|1|0|5|2|880039823|-0.5|1|
noel|2012-01-15|164|cgy-lak|1|1|3|2|879977395|-0.5|1|
noel|2012-01-15|165|van-ana|2|2|2|X|879977067|-0.5|2|
pescalune|2012-01-15|151|tor-mtl|1|2|0|1|880016869|1|1|
pescalune|2012-01-15|152|bos-ott|1|8|0|1|879984235|1|1|
pescalune|2012-01-15|153|tbl-fla|2|0|6|2|879976589|1|1|
pescalune|2012-01-15|154|was-car|2|2|5|2|879984132|1|1|
pescalune|2012-01-15|155|buf-wpg|2|0|5|2|879982602|1|1|
pescalune|2012-01-15|156|nyr-det|2|3|9|2|879975698|1|1|
pescalune|2012-01-15|157|pit-stl|2|1|8|2|880645352|1|1|
pescalune|2012-01-15|158|nyi-nas|1|1|5|2|879972702|-0.5|1|
pescalune|2012-01-15|159|njd-chi|2|1|11|2|879977496|1|1|
pescalune|2012-01-15|160|phi-cbj|2|0|6|2|880017990|1|1|
pescalune|2012-01-15|161|col-sjs|1|5|3|1|879977548|1|1|
pescalune|2012-01-15|163|edm-phx|2|0|5|2|880039823|1|1|
pescalune|2012-01-15|164|cgy-lak|2|1|3|2|879977395|1|1|
pescalune|2012-01-15|165|van-ana|X|2|2|X|879977067|2|2|
