globox|2012-01-01|91|buf-ott|1|3|0|1|880013638|1|1|
globox|2012-01-01|92|mtl-bos|1|1|2|2|879985537|-0.5|1|
globox|2012-01-01|93|wpg-car|X|4|5|2|879984126|-0.5|1|
globox|2012-01-01|94|fla-was|1|2|0|1|879974842|1|1|
globox|2012-01-01|95|tbl-tor|2|0|3|2|880016867|1|1|
globox|2012-01-01|96|nyi-phi|1|6|0|1|880017722|1|1|
globox|2012-01-01|97|nyr-pit|2|3|4|2|879976584|1|1|
globox|2012-01-01|99|col-van|1|8|0|1|879974985|1|1|
globox|2012-01-01|100|njd-min|2|0|15|2|879976778|1|1|
globox|2012-01-01|101|sjs-dal|1|8|2|1|879977998|1|1|
globox|2012-01-01|102|phx-ana|1|6|0|1|879977523|1|1|
globox|2012-01-01|103|chi-det|2|1|4|2|879976408|1|1|
globox|2012-01-01|104|cbj-nas|2|2|3|2|880620718|1|1|
globox|2012-01-01|105|stl-lak|1|11|1|1|879985580|1|1|
sollu|2012-01-01|91|buf-ott|1|3|0|1|880013638|1|1|
sollu|2012-01-01|92|mtl-bos|1|1|2|2|879985537|-0.5|1|
sollu|2012-01-01|93|wpg-car|2|4|5|2|879984126|1|1|
sollu|2012-01-01|94|fla-was|1|2|0|1|879974842|1|1|
sollu|2012-01-01|95|tbl-tor|2|0|3|2|880016867|1|1|
sollu|2012-01-01|96|nyi-phi|1|6|0|1|880017722|1|1|
sollu|2012-01-01|97|nyr-pit|1|3|4|2|879976584|-0.5|1|
sollu|2012-01-01|98|edm-cgy|2|0|2|2|879976655|1|1|
sollu|2012-01-01|100|njd-min|2|0|15|2|879976778|1|1|
sollu|2012-01-01|101|sjs-dal|1|8|2|1|879977998|1|1|
sollu|2012-01-01|102|phx-ana|1|6|0|1|879977523|1|1|
sollu|2012-01-01|103|chi-det|2|1|4|2|879976408|1|1|
sollu|2012-01-01|104|cbj-nas|2|2|3|2|880620718|1|1|
sollu|2012-01-01|105|stl-lak|1|11|1|1|879985580|1|1|
pescalune|2012-01-01|91|buf-ott|1|3|0|1|880013638|1|1|
pescalune|2012-01-01|92|mtl-bos|1|1|2|2|879985537|-0.5|1|
pescalune|2012-01-01|93|wpg-car|X|4|5|2|879984126|-0.5|1|
pescalune|2012-01-01|94|fla-was|1|2|0|1|879974842|1|1|
pescalune|2012-01-01|95|tbl-tor|2|0|3|2|880016867|1|1|
pescalune|2012-01-01|96|nyi-phi|1|6|0|1|880017722|1|1|
pescalune|2012-01-01|97|nyr-pit|X|3|4|2|879976584|-0.5|1|
pescalune|2012-01-01|98|edm-cgy|1|0|2|2|879976655|-0.5|1|
pescalune|2012-01-01|99|col-van|1|8|0|1|879974985|1|1|
pescalune|2012-01-01|100|njd-min|2|0|15|2|879976778|1|1|
pescalune|2012-01-01|102|phx-ana|1|6|0|1|879977523|1|1|
pescalune|2012-01-01|103|chi-det|2|1|4|2|879976408|1|1|
pescalune|2012-01-01|104|cbj-nas|2|2|3|2|880620718|1|1|
pescalune|2012-01-01|105|stl-lak|1|11|1|1|879985580|1|1|
