globox|2012-01-08|121|lak-phx|2|0|4|2|879977524|1|1|
globox|2012-01-08|122|dal-ana|1|1|1|X|879976722|-0.5|2|
globox|2012-01-08|123|stl-cbj|1|10|0|1|880608493|1|1|
globox|2012-01-08|124|nas-det|2|1|11|2|879975513|1|1|
globox|2012-01-08|125|chi-sjs|2|3|5|2|879986029|1|1|
globox|2012-01-08|126|car-col|2|4|6|2|879984129|1|1|
globox|2012-01-08|127|fla-min|1|2|5|2|879976779|-0.5|1|
globox|2012-01-08|128|wpg-edm|1|13|1|1|879977717|1|1|
globox|2012-01-08|130|tbl-van|1|1|3|2|879976591|-0.5|1|
globox|2012-01-08|131|tor-nyr|1|5|1|1|879985099|1|1|
globox|2012-01-08|132|bos-pit|1|3|0|1|880008936|1|1|
globox|2012-01-08|133|mtl-nyi|1|3|2|1|880010187|1|1|
globox|2012-01-08|134|buf-njd|1|6|1|1|879976633|1|1|
globox|2012-01-08|135|ott-phi|1|2|1|1|880012518|1|1|
sollu|2012-01-08|121|lak-phx|2|0|4|2|879977524|1|1|
sollu|2012-01-08|122|dal-ana|1|1|1|X|879976722|-0.5|2|
sollu|2012-01-08|123|stl-cbj|1|10|0|1|880608493|1|1|
sollu|2012-01-08|124|nas-det|2|1|11|2|879975513|1|1|
sollu|2012-01-08|125|chi-sjs|2|3|5|2|879986029|1|1|
sollu|2012-01-08|127|fla-min|2|2|5|2|879976779|1|1|
sollu|2012-01-08|128|wpg-edm|1|13|1|1|879977717|1|1|
sollu|2012-01-08|129|was-cgy|1|3|0|1|879976656|1|1|
sollu|2012-01-08|130|tbl-van|1|1|3|2|879976591|-0.5|1|
sollu|2012-01-08|131|tor-nyr|1|5|1|1|879985099|1|1|
sollu|2012-01-08|132|bos-pit|1|3|0|1|880008936|1|1|
sollu|2012-01-08|133|mtl-nyi|1|3|2|1|880010187|1|1|
sollu|2012-01-08|134|buf-njd|1|6|1|1|879976633|1|1|
sollu|2012-01-08|135|ott-phi|1|2|1|1|880012518|1|1|
cpalo|2012-01-08|122|dal-ana|2|1|1|X|879976722|-0.5|2|
cpalo|2012-01-08|123|stl-cbj|2|10|0|1|880608493|-0.5|1|
cpalo|2012-01-08|124|nas-det|2|1|11|2|879975513|1|1|
cpalo|2012-01-08|125|chi-sjs|1|3|5|2|879986029|-0.5|1|
cpalo|2012-01-08|126|car-col|2|4|6|2|879984129|1|1|
cpalo|2012-01-08|127|fla-min|2|2|5|2|879976779|1|1|
cpalo|2012-01-08|128|wpg-edm|2|13|1|1|879977717|-0.5|1|
cpalo|2012-01-08|129|was-cgy|2|3|0|1|879976656|-0.5|1|
cpalo|2012-01-08|130|tbl-van|2|1|3|2|879976591|1|1|
cpalo|2012-01-08|131|tor-nyr|1|5|1|1|879985099|1|1|
cpalo|2012-01-08|132|bos-pit|2|3|0|1|880008936|-0.5|1|
cpalo|2012-01-08|133|mtl-nyi|2|3|2|1|880010187|-0.5|1|
cpalo|2012-01-08|134|buf-njd|2|6|1|1|879976633|-0.5|1|
cpalo|2012-01-08|135|ott-phi|2|2|1|1|880012518|-0.5|1|
pescalune|2012-01-08|121|lak-phx|2|0|4|2|879977524|1|1|
pescalune|2012-01-08|123|stl-cbj|1|10|0|1|880608493|1|1|
pescalune|2012-01-08|124|nas-det|2|1|11|2|879975513|1|1|
pescalune|2012-01-08|125|chi-sjs|2|3|5|2|879986029|1|1|
pescalune|2012-01-08|126|car-col|X|4|6|2|879984129|-0.5|1|
pescalune|2012-01-08|127|fla-min|2|2|5|2|879976779|1|1|
pescalune|2012-01-08|128|wpg-edm|1|13|1|1|879977717|1|1|
pescalune|2012-01-08|129|was-cgy|1|3|0|1|879976656|1|1|
pescalune|2012-01-08|130|tbl-van|1|1|3|2|879976591|-0.5|1|
pescalune|2012-01-08|131|tor-nyr|1|5|1|1|879985099|1|1|
pescalune|2012-01-08|132|bos-pit|1|3|0|1|880008936|1|1|
pescalune|2012-01-08|133|mtl-nyi|1|3|2|1|880010187|1|1|
pescalune|2012-01-08|134|buf-njd|1|6|1|1|879976633|1|1|
pescalune|2012-01-08|135|ott-phi|1|2|1|1|880012518|1|1|
tomson|2012-01-08|121|lak-phx|1|0|4|2|879977524|-0.5|1|
tomson|2012-01-08|122|dal-ana|2|1|1|X|879976722|-0.5|2|
tomson|2012-01-08|123|stl-cbj|1|10|0|1|880608493|1|1|
tomson|2012-01-08|124|nas-det|2|1|11|2|879975513|1|1|
tomson|2012-01-08|125|chi-sjs|2|3|5|2|879986029|1|1|
tomson|2012-01-08|126|car-col|1|4|6|2|879984129|-0.5|1|
tomson|2012-01-08|127|fla-min|1|2|5|2|879976779|-0.5|1|
tomson|2012-01-08|128|wpg-edm|1|13|1|1|879977717|1|1|
tomson|2012-01-08|129|was-cgy|1|3|0|1|879976656|1|1|
tomson|2012-01-08|130|tbl-van|1|1|3|2|879976591|-0.5|1|
tomson|2012-01-08|131|tor-nyr|1|5|1|1|879985099|1|1|
tomson|2012-01-08|133|mtl-nyi|1|3|2|1|880010187|1|1|
tomson|2012-01-08|134|buf-njd|1|6|1|1|879976633|1|1|
tomson|2012-01-08|135|ott-phi|1|2|1|1|880012518|1|1|
