globox|2011-02-19|1017|fla-njd|2|1|7|2|876256792|1|
globox|2011-02-19|1018|ott-car|2|2|3|2|876263041|1|
globox|2011-02-19|1019|col-sjs|1|3|2|1|876256850|1|
globox|2011-02-19|1020|phx-stl|1|0|13|2|876258735|-0.5|
earlt|2011-02-19|1017|fla-njd|2|1|7|2|876256792|1|
earlt|2011-02-19|1018|ott-car|1|2|3|2|876263041|-0.5|
earlt|2011-02-19|1020|phx-stl|2|0|13|2|876258735|1|
sollu|2011-02-19|1017|fla-njd|1|1|7|2|876256792|-0.5|
sollu|2011-02-19|1018|ott-car|2|2|3|2|876263041|1|
sollu|2011-02-19|1020|phx-stl|2|0|13|2|876258735|1|
pescalune|2011-02-19|1017|fla-njd|1|1|7|2|876256792|-0.5|
pescalune|2011-02-19|1018|ott-car|1|2|3|2|876263041|-0.5|
pescalune|2011-02-19|1019|col-sjs|1|3|2|1|876256850|1|
pescalune|2011-02-19|1020|phx-stl|1|0|13|2|876258735|-0.5|
misko|2011-02-19|1017|fla-njd|2|1|7|2|876256792|1|
misko|2011-02-19|1018|ott-car|2|2|3|2|876263041|1|
misko|2011-02-19|1019|col-sjs|1|3|2|1|876256850|1|
misko|2011-02-19|1020|phx-stl|2|0|13|2|876258735|1|
