snipper|2011-02-20|1021|njd-fla|2|2|3|2|876256791|1|
snipper|2011-02-20|1022|car-ott|2|2|1|1|876263042|-0.5|
snipper|2011-02-20|1023|sjs-col|2|5|6|2|876256853|1|
snipper|2011-02-20|1024|stl-phx|2|7|0|1|876258736|-0.5|
earlt|2011-02-20|1021|njd-fla|1|2|3|2|876256791|-0.5|
earlt|2011-02-20|1022|car-ott|2|2|1|1|876263042|-0.5|
earlt|2011-02-20|1024|stl-phx|1|7|0|1|876258736|1|
sollu|2011-02-20|1021|njd-fla|2|2|3|2|876256791|1|
sollu|2011-02-20|1022|car-ott|1|2|1|1|876263042|1|
sollu|2011-02-20|1024|stl-phx|1|7|0|1|876258736|1|
pescalune|2011-02-20|1021|njd-fla|1|2|3|2|876256791|-0.5|
pescalune|2011-02-20|1022|car-ott|1|2|1|1|876263042|1|
pescalune|2011-02-20|1023|sjs-col|2|5|6|2|876256853|1|
pescalune|2011-02-20|1024|stl-phx|1|7|0|1|876258736|1|
misko|2011-02-20|1021|njd-fla|1|2|3|2|876256791|-0.5|
misko|2011-02-20|1022|car-ott|2|2|1|1|876263042|-0.5|
misko|2011-02-20|1023|sjs-col|2|5|6|2|876256853|1|
misko|2011-02-20|1024|stl-phx|1|7|0|1|876258736|1|
