earlt|2011-02-26|1025|njd-car|1|5|4|1|876282744|1|
earlt|2011-02-26|1026|col-stl|1|6|4|1|876280353|1|
globox|2011-02-26|1025|njd-car|1|5|4|1|876282744|1|
globox|2011-02-26|1026|col-stl|1|6|4|1|876280353|1|
misko|2011-02-26|1025|njd-car|1|5|4|1|876282744|1|
misko|2011-02-26|1026|col-stl|1|6|4|1|876280353|1|
trsto|2011-02-26|1026|col-stl|1|6|4|1|876280353|1|
pescalune|2011-02-26|1025|njd-car|1|5|4|1|876282744|1|
pescalune|2011-02-26|1026|col-stl|1|6|4|1|876280353|1|
sollu|2011-02-26|1025|njd-car|1|5|4|1|876282744|1|
