globox|2011-06-26|181|chi-car|2|0|7|2|877275544|1|1|
globox|2011-06-26|182|tbl-det|2|0|10|2|877244344|1|1|
globox|2011-06-26|183|fla-nas|1|0|1|2|877248355|-0.5|1|
globox|2011-06-26|184|cbj-was|1|4|1|1|877246158|1|1|
globox|2011-06-26|185|stl-atl|2|2|4|2|877222324|1|1|
globox|2011-06-26|186|phi-buf|1|4|0|1|877234763|1|1|
globox|2011-06-26|187|nyi-bos|1|4|0|1|877307471|1|1|
globox|2011-06-26|188|tor-njd|2|1|3|2|877232881|1|1|
globox|2011-06-26|189|pit-ott|X|7|0|1|877238381|-0.5|1|
globox|2011-06-26|190|nyr-mtl|2|0|8|2|877237827|1|1|
globox|2011-06-26|191|lak-edm|1|2|2|X|877240714|-0.5|2|
globox|2011-06-26|192|sjs-min|1|4|1|1|877277369|1|1|
globox|2011-06-26|194|col-ana|1|6|2|1|877221926|1|1|
globox|2011-06-26|195|van-dal|1|2|1|1|877235941|1|1|
pescalune|2011-06-26|181|chi-car|2|0|7|2|877275544|1|1|
pescalune|2011-06-26|182|tbl-det|2|0|10|2|877244344|1|1|
pescalune|2011-06-26|183|fla-nas|1|0|1|2|877248355|-0.5|1|
pescalune|2011-06-26|184|cbj-was|1|4|1|1|877246158|1|1|
pescalune|2011-06-26|185|stl-atl|2|2|4|2|877222324|1|1|
pescalune|2011-06-26|186|phi-buf|1|4|0|1|877234763|1|1|
pescalune|2011-06-26|187|nyi-bos|2|4|0|1|877307471|-0.5|1|
pescalune|2011-06-26|188|tor-njd|2|1|3|2|877232881|1|1|
pescalune|2011-06-26|189|pit-ott|2|7|0|1|877238381|-0.5|1|
pescalune|2011-06-26|190|nyr-mtl|2|0|8|2|877237827|1|1|
pescalune|2011-06-26|191|lak-edm|X|2|2|X|877240714|2|2|
pescalune|2011-06-26|192|sjs-min|1|4|1|1|877277369|1|1|
pescalune|2011-06-26|193|phx-cgy|X|1|2|2|877308433|-0.5|1|
pescalune|2011-06-26|194|col-ana|1|6|2|1|877221926|1|1|
