globox|2011-06-25|166|fla-chi|1|3|0|1|877257346|1|1|
globox|2011-06-25|167|det-was|1|8|2|1|877246157|1|1|
globox|2011-06-25|168|atl-nas|1|4|0|1|877248354|1|1|
globox|2011-06-25|169|cbj-car|2|0|10|2|877273750|1|1|
globox|2011-06-25|170|tbl-stl|2|1|11|2|877234776|1|1|
globox|2011-06-25|171|tor-phi|2|6|1|1|877237671|-0.5|1|
globox|2011-06-25|172|ott-nyi|2|0|11|2|877278302|1|1|
globox|2011-06-25|173|njd-mtl|1|3|0|1|877215894|1|1|
globox|2011-06-25|174|pit-buf|2|3|2|1|877288287|-0.5|1|
globox|2011-06-25|175|bos-nyr|1|2|3|2|877243928|-0.5|1|
globox|2011-06-25|176|phx-edm|2|1|6|2|877957384|1|1|
globox|2011-06-25|177|min-ana|2|2|1|1|877281942|-0.5|1|
globox|2011-06-25|179|col-lak|1|7|0|1|877238443|1|1|
globox|2011-06-25|180|van-sjs|2|0|5|2|877238192|1|1|
pescalune|2011-06-25|166|fla-chi|1|3|0|1|877257346|1|1|
pescalune|2011-06-25|167|det-was|1|8|2|1|877246157|1|1|
pescalune|2011-06-25|168|atl-nas|1|4|0|1|877248354|1|1|
pescalune|2011-06-25|169|cbj-car|2|0|10|2|877273750|1|1|
pescalune|2011-06-25|170|tbl-stl|2|1|11|2|877234776|1|1|
pescalune|2011-06-25|171|tor-phi|2|6|1|1|877237671|-0.5|1|
pescalune|2011-06-25|172|ott-nyi|2|0|11|2|877278302|1|1|
pescalune|2011-06-25|173|njd-mtl|1|3|0|1|877215894|1|1|
pescalune|2011-06-25|174|pit-buf|2|3|2|1|877288287|-0.5|1|
pescalune|2011-06-25|175|bos-nyr|1|2|3|2|877243928|-0.5|1|
pescalune|2011-06-25|176|phx-edm|2|1|6|2|877957384|1|1|
pescalune|2011-06-25|177|min-ana|2|2|1|1|877281942|-0.5|1|
pescalune|2011-06-25|179|col-lak|1|7|0|1|877238443|1|1|
pescalune|2011-06-25|180|van-sjs|2|0|5|2|877238192|1|1|
