globox|2011-05-22|31|mtl-buf|1|8|1|1|877236632|1|1|
globox|2011-05-22|32|bos-tor|2|1|4|2|877244176|1|1|
globox|2011-05-22|33|njd-nyi|1|5|0|1|877274457|1|1|
globox|2011-05-22|34|nyr-pit|2|0|8|2|877282323|1|1|
globox|2011-05-22|36|col-cbj|1|11|0|1|877221924|1|1|
globox|2011-05-22|37|min-nas|1|2|2|X|877278450|-0.5|2|
globox|2011-05-22|38|van-chi|2|0|6|2|877257340|1|1|
globox|2011-05-22|39|edm-stl|2|0|9|2|877240709|1|1|
globox|2011-05-22|41|ana-atl|2|1|4|2|877222097|1|1|
globox|2011-05-22|42|sjs-fla|2|2|5|2|877246263|1|1|
globox|2011-05-22|43|lak-car|2|1|6|2|877283737|1|1|
globox|2011-05-22|44|dal-was|1|7|1|1|877246153|1|1|
globox|2011-05-22|45|phx-tbl|1|2|1|1|877275075|1|1|
earlt|2011-05-22|31|mtl-buf|1|8|1|1|877236632|1|1|
earlt|2011-05-22|32|bos-tor|2|1|4|2|877244176|1|1|
earlt|2011-05-22|33|njd-nyi|1|5|0|1|877274457|1|1|
earlt|2011-05-22|34|nyr-pit|2|0|8|2|877282323|1|1|
earlt|2011-05-22|35|ott-phi|1|0|6|2|877234587|-0.5|1|
earlt|2011-05-22|36|col-cbj|1|11|0|1|877221924|1|1|
earlt|2011-05-22|37|min-nas|1|2|2|X|877278450|-0.5|2|
earlt|2011-05-22|38|van-chi|2|0|6|2|877257340|1|1|
earlt|2011-05-22|39|edm-stl|2|0|9|2|877240709|1|1|
earlt|2011-05-22|40|cgy-det|2|0|5|2|877245165|1|1|
earlt|2011-05-22|41|ana-atl|2|1|4|2|877222097|1|1|
earlt|2011-05-22|43|lak-car|2|1|6|2|877283737|1|1|
earlt|2011-05-22|44|dal-was|1|7|1|1|877246153|1|1|
earlt|2011-05-22|45|phx-tbl|1|2|1|1|877275075|1|1|
pescalune|2011-05-22|31|mtl-buf|1|8|1|1|877236632|1|1|
pescalune|2011-05-22|32|bos-tor|2|1|4|2|877244176|1|1|
pescalune|2011-05-22|33|njd-nyi|1|5|0|1|877274457|1|1|
pescalune|2011-05-22|34|nyr-pit|2|0|8|2|877282323|1|1|
pescalune|2011-05-22|35|ott-phi|2|0|6|2|877234587|1|1|
pescalune|2011-05-22|36|col-cbj|1|11|0|1|877221924|1|1|
pescalune|2011-05-22|37|min-nas|1|2|2|X|877278450|-0.5|2|
pescalune|2011-05-22|38|van-chi|2|0|6|2|877257340|1|1|
pescalune|2011-05-22|39|edm-stl|2|0|9|2|877240709|1|1|
pescalune|2011-05-22|40|cgy-det|2|0|5|2|877245165|1|1|
pescalune|2011-05-22|41|ana-atl|2|1|4|2|877222097|1|1|
pescalune|2011-05-22|42|sjs-fla|2|2|5|2|877246263|1|1|
pescalune|2011-05-22|43|lak-car|2|1|6|2|877283737|1|1|
pescalune|2011-05-22|45|phx-tbl|1|2|1|1|877275075|1|1|
sollu|2011-05-22|31|mtl-buf|2|8|1|1|877236632|-0.5|1|
sollu|2011-05-22|32|bos-tor|2|1|4|2|877244176|1|1|
sollu|2011-05-22|33|njd-nyi|1|5|0|1|877274457|1|1|
sollu|2011-05-22|34|nyr-pit|2|0|8|2|877282323|1|1|
sollu|2011-05-22|35|ott-phi|1|0|6|2|877234587|-0.5|1|
sollu|2011-05-22|37|min-nas|1|2|2|X|877278450|-0.5|2|
sollu|2011-05-22|38|van-chi|2|0|6|2|877257340|1|1|
sollu|2011-05-22|39|edm-stl|2|0|9|2|877240709|1|1|
sollu|2011-05-22|40|cgy-det|2|0|5|2|877245165|1|1|
sollu|2011-05-22|41|ana-atl|2|1|4|2|877222097|1|1|
sollu|2011-05-22|42|sjs-fla|2|2|5|2|877246263|1|1|
sollu|2011-05-22|43|lak-car|2|1|6|2|877283737|1|1|
sollu|2011-05-22|44|dal-was|2|7|1|1|877246153|-0.5|1|
sollu|2011-05-22|45|phx-tbl|1|2|1|1|877275075|1|1|
snipper|2011-05-22|31|mtl-buf|X|8|1|1|877236632|-0.5|1|
snipper|2011-05-22|33|njd-nyi|X|5|0|1|877274457|-0.5|1|
snipper|2011-05-22|34|nyr-pit|X|0|8|2|877282323|-0.5|1|
snipper|2011-05-22|35|ott-phi|X|0|6|2|877234587|-0.5|1|
snipper|2011-05-22|36|col-cbj|X|11|0|1|877221924|-0.5|1|
snipper|2011-05-22|37|min-nas|X|2|2|X|877278450|2|2|
snipper|2011-05-22|38|van-chi|X|0|6|2|877257340|-0.5|1|
snipper|2011-05-22|39|edm-stl|X|0|9|2|877240709|-0.5|1|
snipper|2011-05-22|40|cgy-det|X|0|5|2|877245165|-0.5|1|
snipper|2011-05-22|41|ana-atl|X|1|4|2|877222097|-0.5|1|
snipper|2011-05-22|42|sjs-fla|X|2|5|2|877246263|-0.5|1|
snipper|2011-05-22|43|lak-car|X|1|6|2|877283737|-0.5|1|
snipper|2011-05-22|44|dal-was|X|7|1|1|877246153|-0.5|1|
snipper|2011-05-22|45|phx-tbl|X|2|1|1|877275075|-0.5|1|
