earlt|2011-06-04|76|tbl-chi|2|0|7|2|877287012|1|1|
earlt|2011-06-04|77|fla-det|1|6|1|1|877243635|1|1|
earlt|2011-06-04|78|nas-was|1|11|1|1|877248352|1|1|
earlt|2011-06-04|79|cbj-atl|2|1|9|2|877222111|1|1|
earlt|2011-06-04|80|stl-car|1|3|6|2|877300029|-0.5|1|
earlt|2011-06-04|81|bos-phi|2|0|6|2|877241149|1|1|
earlt|2011-06-04|82|tor-nyi|1|4|0|1|877274919|1|1|
earlt|2011-06-04|83|ott-njd|2|2|5|2|877217533|1|1|
earlt|2011-06-04|84|pit-mtl|1|3|0|1|877238382|1|1|
earlt|2011-06-04|85|nyr-buf|2|0|4|2|877303205|1|1|
earlt|2011-06-04|87|phx-min|2|0|9|2|877275076|1|1|
earlt|2011-06-04|88|cgy-ana|2|0|7|2|877221780|1|1|
earlt|2011-06-04|89|col-dal|1|13|0|1|877221925|1|1|
earlt|2011-06-04|90|van-lak|2|1|1|X|877238189|-0.5|2|
globox|2011-06-04|76|tbl-chi|2|0|7|2|877287012|1|1|
globox|2011-06-04|77|fla-det|1|6|1|1|877243635|1|1|
globox|2011-06-04|78|nas-was|1|11|1|1|877248352|1|1|
globox|2011-06-04|79|cbj-atl|2|1|9|2|877222111|1|1|
globox|2011-06-04|80|stl-car|2|3|6|2|877300029|1|1|
globox|2011-06-04|81|bos-phi|2|0|6|2|877241149|1|1|
globox|2011-06-04|82|tor-nyi|1|4|0|1|877274919|1|1|
globox|2011-06-04|83|ott-njd|2|2|5|2|877217533|1|1|
globox|2011-06-04|84|pit-mtl|2|3|0|1|877238382|-0.5|1|
globox|2011-06-04|85|nyr-buf|2|0|4|2|877303205|1|1|
globox|2011-06-04|86|sjs-edm|1|8|1|1|877240711|1|1|
globox|2011-06-04|87|phx-min|2|0|9|2|877275076|1|1|
globox|2011-06-04|89|col-dal|1|13|0|1|877221925|1|1|
globox|2011-06-04|90|van-lak|1|1|1|X|877238189|-0.5|2|
noel|2011-06-04|76|tbl-chi|2|0|7|2|877287012|1|1|
noel|2011-06-04|77|fla-det|1|6|1|1|877243635|1|1|
noel|2011-06-04|78|nas-was|1|11|1|1|877248352|1|1|
noel|2011-06-04|79|cbj-atl|2|1|9|2|877222111|1|1|
noel|2011-06-04|80|stl-car|1|3|6|2|877300029|-0.5|1|
noel|2011-06-04|82|tor-nyi|1|4|0|1|877274919|1|1|
noel|2011-06-04|83|ott-njd|2|2|5|2|877217533|1|1|
noel|2011-06-04|84|pit-mtl|2|3|0|1|877238382|-0.5|1|
noel|2011-06-04|85|nyr-buf|2|0|4|2|877303205|1|1|
noel|2011-06-04|86|sjs-edm|1|8|1|1|877240711|1|1|
noel|2011-06-04|87|phx-min|1|0|9|2|877275076|-0.5|1|
noel|2011-06-04|88|cgy-ana|1|0|7|2|877221780|-0.5|1|
noel|2011-06-04|89|col-dal|1|13|0|1|877221925|1|1|
noel|2011-06-04|90|van-lak|1|1|1|X|877238189|-0.5|2|
poprava|2011-06-04|76|tbl-chi|2|0|7|2|877287012|1|1|
poprava|2011-06-04|77|fla-det|1|6|1|1|877243635|1|1|
poprava|2011-06-04|78|nas-was|1|11|1|1|877248352|1|1|
poprava|2011-06-04|79|cbj-atl|2|1|9|2|877222111|1|1|
poprava|2011-06-04|81|bos-phi|2|0|6|2|877241149|1|1|
poprava|2011-06-04|82|tor-nyi|1|4|0|1|877274919|1|1|
poprava|2011-06-04|83|ott-njd|2|2|5|2|877217533|1|1|
poprava|2011-06-04|84|pit-mtl|2|3|0|1|877238382|-0.5|1|
poprava|2011-06-04|85|nyr-buf|2|0|4|2|877303205|1|1|
poprava|2011-06-04|86|sjs-edm|1|8|1|1|877240711|1|1|
poprava|2011-06-04|87|phx-min|2|0|9|2|877275076|1|1|
poprava|2011-06-04|88|cgy-ana|2|0|7|2|877221780|1|1|
poprava|2011-06-04|89|col-dal|1|13|0|1|877221925|1|1|
poprava|2011-06-04|90|van-lak|1|1|1|X|877238189|-0.5|2|
sollu|2011-06-04|76|tbl-chi|2|0|7|2|877287012|1|1|
sollu|2011-06-04|77|fla-det|1|6|1|1|877243635|1|1|
sollu|2011-06-04|78|nas-was|1|11|1|1|877248352|1|1|
sollu|2011-06-04|79|cbj-atl|2|1|9|2|877222111|1|1|
sollu|2011-06-04|80|stl-car|2|3|6|2|877300029|1|1|
sollu|2011-06-04|81|bos-phi|2|0|6|2|877241149|1|1|
sollu|2011-06-04|82|tor-nyi|2|4|0|1|877274919|-0.5|1|
sollu|2011-06-04|83|ott-njd|2|2|5|2|877217533|1|1|
sollu|2011-06-04|84|pit-mtl|2|3|0|1|877238382|-0.5|1|
sollu|2011-06-04|85|nyr-buf|2|0|4|2|877303205|1|1|
sollu|2011-06-04|86|sjs-edm|1|8|1|1|877240711|1|1|
sollu|2011-06-04|87|phx-min|2|0|9|2|877275076|1|1|
sollu|2011-06-04|88|cgy-ana|2|0|7|2|877221780|1|1|
sollu|2011-06-04|90|van-lak|1|1|1|X|877238189|-0.5|2|
snipper|2011-06-04|76|tbl-chi|X|0|7|2|877287012|-0.5|1|
snipper|2011-06-04|77|fla-det|X|6|1|1|877243635|-0.5|1|
snipper|2011-06-04|78|nas-was|X|11|1|1|877248352|-0.5|1|
snipper|2011-06-04|79|cbj-atl|X|1|9|2|877222111|-0.5|1|
snipper|2011-06-04|80|stl-car|X|3|6|2|877300029|-0.5|1|
snipper|2011-06-04|82|tor-nyi|X|4|0|1|877274919|-0.5|1|
snipper|2011-06-04|83|ott-njd|X|2|5|2|877217533|-0.5|1|
snipper|2011-06-04|84|pit-mtl|X|3|0|1|877238382|-0.5|1|
snipper|2011-06-04|85|nyr-buf|X|0|4|2|877303205|-0.5|1|
snipper|2011-06-04|86|sjs-edm|X|8|1|1|877240711|-0.5|1|
snipper|2011-06-04|87|phx-min|X|0|9|2|877275076|-0.5|1|
snipper|2011-06-04|88|cgy-ana|X|0|7|2|877221780|-0.5|1|
snipper|2011-06-04|89|col-dal|X|13|0|1|877221925|-0.5|1|
snipper|2011-06-04|90|van-lak|X|1|1|X|877238189|2|2|
