pescalune|2011-06-11|106|atl-fla|1|3|3|X|877228236|-0.5|2|
pescalune|2011-06-11|107|car-was|1|17|0|1|877273835|1|1|
pescalune|2011-06-11|108|det-stl|2|1|5|2|877243638|1|1|
pescalune|2011-06-11|109|nas-chi|X|1|4|2|877914855|-0.5|1|
pescalune|2011-06-11|110|cbj-tbl|1|4|0|1|877234773|1|1|
pescalune|2011-06-11|111|njd-col|2|0|11|2|877221927|1|1|
pescalune|2011-06-11|112|nyi-min|2|1|7|2|877273821|1|1|
pescalune|2011-06-11|113|phi-van|1|1|0|1|877235939|1|1|
pescalune|2011-06-11|114|pit-edm|X|0|3|2|877285784|-0.5|1|
pescalune|2011-06-11|115|nyr-cgy|X|0|2|2|877273286|-0.5|1|
pescalune|2011-06-11|116|ana-buf|1|2|1|1|877223221|1|1|
pescalune|2011-06-11|117|sjs-tor|1|4|4|X|877239336|-0.5|2|
pescalune|2011-06-11|118|lak-ott|2|0|1|2|877236841|1|1|
pescalune|2011-06-11|120|phx-bos|2|1|6|2|877242402|1|1|
globox|2011-06-11|106|atl-fla|1|3|3|X|877228236|-0.5|2|
globox|2011-06-11|107|car-was|1|17|0|1|877273835|1|1|
globox|2011-06-11|108|det-stl|2|1|5|2|877243638|1|1|
globox|2011-06-11|109|nas-chi|2|1|4|2|877914855|1|1|
globox|2011-06-11|110|cbj-tbl|1|4|0|1|877234773|1|1|
globox|2011-06-11|111|njd-col|X|0|11|2|877221927|-0.5|1|
globox|2011-06-11|112|nyi-min|2|1|7|2|877273821|1|1|
globox|2011-06-11|113|phi-van|1|1|0|1|877235939|1|1|
globox|2011-06-11|114|pit-edm|1|0|3|2|877285784|-0.5|1|
globox|2011-06-11|116|ana-buf|1|2|1|1|877223221|1|1|
globox|2011-06-11|117|sjs-tor|1|4|4|X|877239336|-0.5|2|
globox|2011-06-11|118|lak-ott|2|0|1|2|877236841|1|1|
globox|2011-06-11|119|dal-mtl|2|1|3|2|877236590|1|1|
globox|2011-06-11|120|phx-bos|2|1|6|2|877242402|1|1|
sollu|2011-06-11|106|atl-fla|1|3|3|X|877228236|-0.5|2|
sollu|2011-06-11|107|car-was|1|17|0|1|877273835|1|1|
sollu|2011-06-11|108|det-stl|2|1|5|2|877243638|1|1|
sollu|2011-06-11|109|nas-chi|2|1|4|2|877914855|1|1|
sollu|2011-06-11|110|cbj-tbl|1|4|0|1|877234773|1|1|
sollu|2011-06-11|112|nyi-min|1|1|7|2|877273821|-0.5|1|
sollu|2011-06-11|113|phi-van|1|1|0|1|877235939|1|1|
sollu|2011-06-11|114|pit-edm|1|0|3|2|877285784|-0.5|1|
sollu|2011-06-11|115|nyr-cgy|2|0|2|2|877273286|1|1|
sollu|2011-06-11|116|ana-buf|1|2|1|1|877223221|1|1|
sollu|2011-06-11|117|sjs-tor|1|4|4|X|877239336|-0.5|2|
sollu|2011-06-11|118|lak-ott|2|0|1|2|877236841|1|1|
sollu|2011-06-11|119|dal-mtl|2|1|3|2|877236590|1|1|
sollu|2011-06-11|120|phx-bos|2|1|6|2|877242402|1|1|
noel|2011-06-11|106|atl-fla|1|3|3|X|877228236|-0.5|2|
noel|2011-06-11|107|car-was|1|17|0|1|877273835|1|1|
noel|2011-06-11|108|det-stl|1|1|5|2|877243638|-0.5|1|
noel|2011-06-11|109|nas-chi|1|1|4|2|877914855|-0.5|1|
noel|2011-06-11|110|cbj-tbl|2|4|0|1|877234773|-0.5|1|
noel|2011-06-11|111|njd-col|1|0|11|2|877221927|-0.5|1|
noel|2011-06-11|112|nyi-min|1|1|7|2|877273821|-0.5|1|
noel|2011-06-11|114|pit-edm|1|0|3|2|877285784|-0.5|1|
noel|2011-06-11|115|nyr-cgy|1|0|2|2|877273286|-0.5|1|
noel|2011-06-11|116|ana-buf|1|2|1|1|877223221|1|1|
noel|2011-06-11|117|sjs-tor|1|4|4|X|877239336|-0.5|2|
noel|2011-06-11|118|lak-ott|2|0|1|2|877236841|1|1|
noel|2011-06-11|119|dal-mtl|1|1|3|2|877236590|-0.5|1|
noel|2011-06-11|120|phx-bos|1|1|6|2|877242402|-0.5|1|
cpalo|2011-06-11|106|atl-fla|1|3|3|X|877228236|-0.5|2|
cpalo|2011-06-11|107|car-was|X|17|0|1|877273835|-0.5|1|
cpalo|2011-06-11|108|det-stl|2|1|5|2|877243638|1|1|
cpalo|2011-06-11|109|nas-chi|2|1|4|2|877914855|1|1|
cpalo|2011-06-11|110|cbj-tbl|2|4|0|1|877234773|-0.5|1|
cpalo|2011-06-11|111|njd-col|2|0|11|2|877221927|1|1|
cpalo|2011-06-11|112|nyi-min|X|1|7|2|877273821|-0.5|1|
cpalo|2011-06-11|113|phi-van|1|1|0|1|877235939|1|1|
cpalo|2011-06-11|114|pit-edm|1|0|3|2|877285784|-0.5|1|
cpalo|2011-06-11|115|nyr-cgy|1|0|2|2|877273286|-0.5|1|
cpalo|2011-06-11|116|ana-buf|1|2|1|1|877223221|1|1|
cpalo|2011-06-11|117|sjs-tor|1|4|4|X|877239336|-0.5|2|
cpalo|2011-06-11|119|dal-mtl|1|1|3|2|877236590|-0.5|1|
cpalo|2011-06-11|120|phx-bos|1|1|6|2|877242402|-0.5|1|
