noel|2011-07-10|1021|atl-car|1|5|2|1|878001532|1|1|
noel|2011-07-10|1022|njd-tor|1|5|4|1|878001804|1|1|
noel|2011-07-10|1023|det-col|2|0|4|2|878010088|1|1|
noel|2011-07-10|1024|ana-stl|1|7|2|1|878001894|1|1|
sollu|2011-07-10|1021|atl-car|1|5|2|1|878001532|1|1|
sollu|2011-07-10|1022|njd-tor|1|5|4|1|878001804|1|1|
sollu|2011-07-10|1024|ana-stl|1|7|2|1|878001894|1|1|
pescalune|2011-07-10|1021|atl-car|1|5|2|1|878001532|1|1|
pescalune|2011-07-10|1022|njd-tor|1|5|4|1|878001804|1|1|
pescalune|2011-07-10|1023|det-col|2|0|4|2|878010088|1|1|
pescalune|2011-07-10|1024|ana-stl|1|7|2|1|878001894|1|1|
