globox|2011-05-28|46|was-atl|2|0|7|2|877246154|1|1|
globox|2011-05-28|47|car-tbl|1|13|1|1|877275114|1|1|
globox|2011-05-28|48|chi-det|2|2|5|2|877257353|1|1|
globox|2011-05-28|49|nas-cbj|1|4|0|1|877248341|1|1|
globox|2011-05-28|50|stl-fla|2|5|2|1|877233270|-0.5|1|
globox|2011-05-28|51|mtl-ott|2|5|2|1|877236840|-0.5|1|
globox|2011-05-28|52|buf-bos|1|4|2|1|877245809|1|1|
globox|2011-05-28|53|nyi-phi|2|1|3|2|877273826|1|1|
globox|2011-05-28|54|pit-njd|2|1|3|2|877220634|1|1|
globox|2011-05-28|55|tor-nyr|1|5|0|1|877274816|1|1|
globox|2011-05-28|56|ana-dal|1|7|0|1|877221705|1|1|
globox|2011-05-28|57|lak-sjs|2|0|7|2|877238085|1|1|
globox|2011-05-28|58|edm-min|2|4|3|1|877274244|-0.5|1|
globox|2011-05-28|60|phx-van|2|0|7|2|877239962|1|1|
pescalune|2011-05-28|46|was-atl|2|0|7|2|877246154|1|1|
pescalune|2011-05-28|47|car-tbl|1|13|1|1|877275114|1|1|
pescalune|2011-05-28|48|chi-det|1|2|5|2|877257353|-0.5|1|
pescalune|2011-05-28|49|nas-cbj|1|4|0|1|877248341|1|1|
pescalune|2011-05-28|50|stl-fla|2|5|2|1|877233270|-0.5|1|
pescalune|2011-05-28|51|mtl-ott|1|5|2|1|877236840|1|1|
pescalune|2011-05-28|52|buf-bos|1|4|2|1|877245809|1|1|
pescalune|2011-05-28|53|nyi-phi|X|1|3|2|877273826|-0.5|1|
pescalune|2011-05-28|54|pit-njd|2|1|3|2|877220634|1|1|
pescalune|2011-05-28|55|tor-nyr|1|5|0|1|877274816|1|1|
pescalune|2011-05-28|57|lak-sjs|2|0|7|2|877238085|1|1|
pescalune|2011-05-28|58|edm-min|2|4|3|1|877274244|-0.5|1|
pescalune|2011-05-28|59|cgy-col|2|1|3|2|877239491|1|1|
pescalune|2011-05-28|60|phx-van|2|0|7|2|877239962|1|1|
earlt|2011-05-28|46|was-atl|2|0|7|2|877246154|1|1|
earlt|2011-05-28|47|car-tbl|1|13|1|1|877275114|1|1|
earlt|2011-05-28|48|chi-det|2|2|5|2|877257353|1|1|
earlt|2011-05-28|49|nas-cbj|1|4|0|1|877248341|1|1|
earlt|2011-05-28|50|stl-fla|1|5|2|1|877233270|1|1|
earlt|2011-05-28|51|mtl-ott|2|5|2|1|877236840|-0.5|1|
earlt|2011-05-28|52|buf-bos|1|4|2|1|877245809|1|1|
earlt|2011-05-28|53|nyi-phi|2|1|3|2|877273826|1|1|
earlt|2011-05-28|54|pit-njd|2|1|3|2|877220634|1|1|
earlt|2011-05-28|55|tor-nyr|1|5|0|1|877274816|1|1|
earlt|2011-05-28|56|ana-dal|1|7|0|1|877221705|1|1|
earlt|2011-05-28|58|edm-min|2|4|3|1|877274244|-0.5|1|
earlt|2011-05-28|59|cgy-col|2|1|3|2|877239491|1|1|
earlt|2011-05-28|60|phx-van|2|0|7|2|877239962|1|1|
sollu|2011-05-28|46|was-atl|2|0|7|2|877246154|1|1|
sollu|2011-05-28|47|car-tbl|1|13|1|1|877275114|1|1|
sollu|2011-05-28|48|chi-det|1|2|5|2|877257353|-0.5|1|
sollu|2011-05-28|49|nas-cbj|1|4|0|1|877248341|1|1|
sollu|2011-05-28|50|stl-fla|2|5|2|1|877233270|-0.5|1|
sollu|2011-05-28|51|mtl-ott|2|5|2|1|877236840|-0.5|1|
sollu|2011-05-28|52|buf-bos|1|4|2|1|877245809|1|1|
sollu|2011-05-28|53|nyi-phi|2|1|3|2|877273826|1|1|
sollu|2011-05-28|54|pit-njd|2|1|3|2|877220634|1|1|
sollu|2011-05-28|55|tor-nyr|1|5|0|1|877274816|1|1|
sollu|2011-05-28|56|ana-dal|1|7|0|1|877221705|1|1|
sollu|2011-05-28|57|lak-sjs|2|0|7|2|877238085|1|1|
sollu|2011-05-28|58|edm-min|2|4|3|1|877274244|-0.5|1|
sollu|2011-05-28|60|phx-van|2|0|7|2|877239962|1|1|
