sollu|2011-07-02|1001|car-nyi|1|4|1|1|877989395|1|1|
sollu|2011-07-02|1002|tor-phi|2|2|0|1|877988986|-0.5|1|
sollu|2011-07-02|1003|njd-mtl|1|9|4|1|877989168|1|1|
sollu|2011-07-02|1004|atl-fla|2|1|2|2|877983710|1|1|
sollu|2011-07-02|1006|stl-min|1|7|0|1|877984158|1|1|
sollu|2011-07-02|1007|ana-chi|1|5|9|2|877989788|-0.5|1|
sollu|2011-07-02|1008|det-sjs|2|6|1|1|877983802|-0.5|1|
pescalune|2011-07-02|1001|car-nyi|1|4|1|1|877989395|1|1|
pescalune|2011-07-02|1002|tor-phi|1|2|0|1|877988986|1|1|
pescalune|2011-07-02|1003|njd-mtl|1|9|4|1|877989168|1|1|
pescalune|2011-07-02|1004|atl-fla|1|1|2|2|877983710|-0.5|1|
pescalune|2011-07-02|1005|col-nas|1|4|0|1|877993335|1|1|
pescalune|2011-07-02|1006|stl-min|1|7|0|1|877984158|1|1|
pescalune|2011-07-02|1007|ana-chi|1|5|9|2|877989788|-0.5|1|
pescalune|2011-07-02|1008|det-sjs|2|6|1|1|877983802|-0.5|1|
