pescalune|2011-06-05|92|ana-lak|1|9|5|1|877236573|1|1|
pescalune|2011-06-05|93|min-van|1|6|0|1|877277541|1|1|
pescalune|2011-06-05|94|edm-cgy|1|1|1|X|877879233|-0.5|2|
pescalune|2011-06-05|95|col-sjs|1|3|2|1|877238444|1|1|
pescalune|2011-06-05|96|njd-atl|2|0|5|2|877215865|1|1|
pescalune|2011-06-05|97|nyi-fla|2|2|5|2|877273713|1|1|
pescalune|2011-06-05|98|phi-car|2|4|5|2|877273828|1|1|
pescalune|2011-06-05|99|pit-was|1|2|0|1|877246239|1|1|
pescalune|2011-06-05|100|nyr-tbl|1|3|0|1|877274180|1|1|
pescalune|2011-06-05|101|buf-cbj|1|3|2|1|877223220|1|1|
pescalune|2011-06-05|102|tor-nas|1|3|0|1|877274814|1|1|
pescalune|2011-06-05|103|ott-chi|2|0|9|2|877257342|1|1|
pescalune|2011-06-05|104|mtl-stl|2|2|6|2|877236589|1|1|
pescalune|2011-06-05|105|bos-det|2|1|11|2|877243637|1|1|
cpalo|2011-06-05|91|dal-phx|2|3|0|1|877239965|-0.5|1|
cpalo|2011-06-05|93|min-van|2|6|0|1|877277541|-0.5|1|
cpalo|2011-06-05|94|edm-cgy|X|1|1|X|877879233|2|2|
cpalo|2011-06-05|95|col-sjs|1|3|2|1|877238444|1|1|
cpalo|2011-06-05|96|njd-atl|1|0|5|2|877215865|-0.5|1|
cpalo|2011-06-05|97|nyi-fla|X|2|5|2|877273713|-0.5|1|
cpalo|2011-06-05|98|phi-car|2|4|5|2|877273828|1|1|
cpalo|2011-06-05|99|pit-was|2|2|0|1|877246239|-0.5|1|
cpalo|2011-06-05|100|nyr-tbl|2|3|0|1|877274180|-0.5|1|
cpalo|2011-06-05|101|buf-cbj|2|3|2|1|877223220|-0.5|1|
cpalo|2011-06-05|102|tor-nas|2|3|0|1|877274814|-0.5|1|
cpalo|2011-06-05|103|ott-chi|X|0|9|2|877257342|-0.5|1|
cpalo|2011-06-05|104|mtl-stl|X|2|6|2|877236589|-0.5|1|
cpalo|2011-06-05|105|bos-det|1|1|11|2|877243637|-0.5|1|
noel|2011-06-05|91|dal-phx|1|3|0|1|877239965|1|1|
noel|2011-06-05|92|ana-lak|1|9|5|1|877236573|1|1|
noel|2011-06-05|93|min-van|1|6|0|1|877277541|1|1|
noel|2011-06-05|94|edm-cgy|1|1|1|X|877879233|-0.5|2|
noel|2011-06-05|95|col-sjs|1|3|2|1|877238444|1|1|
noel|2011-06-05|96|njd-atl|1|0|5|2|877215865|-0.5|1|
noel|2011-06-05|97|nyi-fla|2|2|5|2|877273713|1|1|
noel|2011-06-05|99|pit-was|1|2|0|1|877246239|1|1|
noel|2011-06-05|100|nyr-tbl|2|3|0|1|877274180|-0.5|1|
noel|2011-06-05|101|buf-cbj|1|3|2|1|877223220|1|1|
noel|2011-06-05|102|tor-nas|1|3|0|1|877274814|1|1|
noel|2011-06-05|103|ott-chi|1|0|9|2|877257342|-0.5|1|
noel|2011-06-05|104|mtl-stl|2|2|6|2|877236589|1|1|
noel|2011-06-05|105|bos-det|2|1|11|2|877243637|1|1|
poprava|2011-06-05|91|dal-phx|1|3|0|1|877239965|1|1|
poprava|2011-06-05|92|ana-lak|1|9|5|1|877236573|1|1|
poprava|2011-06-05|93|min-van|1|6|0|1|877277541|1|1|
poprava|2011-06-05|94|edm-cgy|1|1|1|X|877879233|-0.5|2|
poprava|2011-06-05|95|col-sjs|1|3|2|1|877238444|1|1|
poprava|2011-06-05|96|njd-atl|2|0|5|2|877215865|1|1|
poprava|2011-06-05|97|nyi-fla|2|2|5|2|877273713|1|1|
poprava|2011-06-05|99|pit-was|1|2|0|1|877246239|1|1|
poprava|2011-06-05|100|nyr-tbl|X|3|0|1|877274180|-0.5|1|
poprava|2011-06-05|101|buf-cbj|1|3|2|1|877223220|1|1|
poprava|2011-06-05|102|tor-nas|1|3|0|1|877274814|1|1|
poprava|2011-06-05|103|ott-chi|2|0|9|2|877257342|1|1|
poprava|2011-06-05|104|mtl-stl|2|2|6|2|877236589|1|1|
poprava|2011-06-05|105|bos-det|2|1|11|2|877243637|1|1|
sollu|2011-06-05|91|dal-phx|1|3|0|1|877239965|1|1|
sollu|2011-06-05|92|ana-lak|1|9|5|1|877236573|1|1|
sollu|2011-06-05|93|min-van|1|6|0|1|877277541|1|1|
sollu|2011-06-05|94|edm-cgy|2|1|1|X|877879233|-0.5|2|
sollu|2011-06-05|96|njd-atl|2|0|5|2|877215865|1|1|
sollu|2011-06-05|98|phi-car|X|4|5|2|877273828|-0.5|1|
sollu|2011-06-05|99|pit-was|1|2|0|1|877246239|1|1|
sollu|2011-06-05|100|nyr-tbl|1|3|0|1|877274180|1|1|
sollu|2011-06-05|101|buf-cbj|1|3|2|1|877223220|1|1|
sollu|2011-06-05|102|tor-nas|2|3|0|1|877274814|-0.5|1|
sollu|2011-06-05|103|ott-chi|2|0|9|2|877257342|1|1|
sollu|2011-06-05|104|mtl-stl|2|2|6|2|877236589|1|1|
sollu|2011-06-05|105|bos-det|2|1|11|2|877243637|1|1|
