globox|2011-06-12|121|was-fla|2|0|12|2|877246155|1|1|
globox|2011-06-12|122|atl-tbl|1|11|0|1|877234774|1|1|
globox|2011-06-12|123|chi-stl|2|1|6|2|877257352|1|1|
globox|2011-06-12|124|det-cbj|1|6|1|1|877243644|1|1|
globox|2011-06-12|125|car-nas|1|7|0|1|877278449|1|1|
globox|2011-06-12|126|ott-tor|2|0|6|2|877237669|1|1|
globox|2011-06-12|127|mtl-bos|1|8|1|1|877241151|1|1|
globox|2011-06-12|128|phi-nyr|1|7|0|1|877237823|1|1|
globox|2011-06-12|129|nyi-pit|1|3|2|1|877282332|1|1|
globox|2011-06-12|130|buf-njd|2|0|10|2|877216300|1|1|
globox|2011-06-12|131|ana-phx|1|5|0|1|877239966|1|1|
globox|2011-06-12|132|dal-sjs|2|3|5|2|877240817|1|1|
globox|2011-06-12|133|edm-van|2|2|2|X|877240712|-0.5|2|
globox|2011-06-12|134|min-col|2|1|5|2|877273784|1|1|
earlt|2011-06-12|121|was-fla|2|0|12|2|877246155|1|1|
earlt|2011-06-12|122|atl-tbl|1|11|0|1|877234774|1|1|
earlt|2011-06-12|123|chi-stl|2|1|6|2|877257352|1|1|
earlt|2011-06-12|124|det-cbj|1|6|1|1|877243644|1|1|
earlt|2011-06-12|125|car-nas|1|7|0|1|877278449|1|1|
earlt|2011-06-12|126|ott-tor|2|0|6|2|877237669|1|1|
earlt|2011-06-12|127|mtl-bos|1|8|1|1|877241151|1|1|
earlt|2011-06-12|128|phi-nyr|1|7|0|1|877237823|1|1|
earlt|2011-06-12|129|nyi-pit|1|3|2|1|877282332|1|1|
earlt|2011-06-12|130|buf-njd|2|0|10|2|877216300|1|1|
earlt|2011-06-12|131|ana-phx|1|5|0|1|877239966|1|1|
earlt|2011-06-12|133|edm-van|2|2|2|X|877240712|-0.5|2|
earlt|2011-06-12|134|min-col|2|1|5|2|877273784|1|1|
earlt|2011-06-12|135|cgy-lak|2|2|3|2|877237947|1|1|
pescalune|2011-06-12|121|was-fla|2|0|12|2|877246155|1|1|
pescalune|2011-06-12|122|atl-tbl|1|11|0|1|877234774|1|1|
pescalune|2011-06-12|123|chi-stl|2|1|6|2|877257352|1|1|
pescalune|2011-06-12|124|det-cbj|1|6|1|1|877243644|1|1|
pescalune|2011-06-12|125|car-nas|1|7|0|1|877278449|1|1|
pescalune|2011-06-12|126|ott-tor|2|0|6|2|877237669|1|1|
pescalune|2011-06-12|127|mtl-bos|1|8|1|1|877241151|1|1|
pescalune|2011-06-12|128|phi-nyr|1|7|0|1|877237823|1|1|
pescalune|2011-06-12|129|nyi-pit|1|3|2|1|877282332|1|1|
pescalune|2011-06-12|130|buf-njd|2|0|10|2|877216300|1|1|
pescalune|2011-06-12|131|ana-phx|1|5|0|1|877239966|1|1|
pescalune|2011-06-12|133|edm-van|2|2|2|X|877240712|-0.5|2|
pescalune|2011-06-12|134|min-col|2|1|5|2|877273784|1|1|
pescalune|2011-06-12|135|cgy-lak|2|2|3|2|877237947|1|1|
noel|2011-06-12|121|was-fla|2|0|12|2|877246155|1|1|
noel|2011-06-12|122|atl-tbl|1|11|0|1|877234774|1|1|
noel|2011-06-12|123|chi-stl|2|1|6|2|877257352|1|1|
noel|2011-06-12|124|det-cbj|1|6|1|1|877243644|1|1|
noel|2011-06-12|125|car-nas|1|7|0|1|877278449|1|1|
noel|2011-06-12|126|ott-tor|1|0|6|2|877237669|-0.5|1|
noel|2011-06-12|127|mtl-bos|1|8|1|1|877241151|1|1|
noel|2011-06-12|129|nyi-pit|1|3|2|1|877282332|1|1|
noel|2011-06-12|130|buf-njd|2|0|10|2|877216300|1|1|
noel|2011-06-12|131|ana-phx|1|5|0|1|877239966|1|1|
noel|2011-06-12|132|dal-sjs|1|3|5|2|877240817|-0.5|1|
noel|2011-06-12|133|edm-van|1|2|2|X|877240712|-0.5|2|
noel|2011-06-12|134|min-col|2|1|5|2|877273784|1|1|
noel|2011-06-12|135|cgy-lak|2|2|3|2|877237947|1|1|
sollu|2011-06-12|121|was-fla|2|0|12|2|877246155|1|1|
sollu|2011-06-12|122|atl-tbl|1|11|0|1|877234774|1|1|
sollu|2011-06-12|123|chi-stl|1|1|6|2|877257352|-0.5|1|
sollu|2011-06-12|124|det-cbj|1|6|1|1|877243644|1|1|
sollu|2011-06-12|125|car-nas|1|7|0|1|877278449|1|1|
sollu|2011-06-12|126|ott-tor|1|0|6|2|877237669|-0.5|1|
sollu|2011-06-12|127|mtl-bos|1|8|1|1|877241151|1|1|
sollu|2011-06-12|128|phi-nyr|1|7|0|1|877237823|1|1|
sollu|2011-06-12|129|nyi-pit|1|3|2|1|877282332|1|1|
sollu|2011-06-12|130|buf-njd|2|0|10|2|877216300|1|1|
sollu|2011-06-12|131|ana-phx|1|5|0|1|877239966|1|1|
sollu|2011-06-12|132|dal-sjs|2|3|5|2|877240817|1|1|
sollu|2011-06-12|133|edm-van|2|2|2|X|877240712|-0.5|2|
sollu|2011-06-12|135|cgy-lak|2|2|3|2|877237947|1|1|
