earlt|2011-06-18|136|atl-car|1|5|1|1|877278200|1|1|
earlt|2011-06-18|137|fla-tbl|1|13|0|1|877234775|1|1|
earlt|2011-06-18|138|det-nas|1|3|1|1|877248353|1|1|
earlt|2011-06-18|139|stl-cbj|1|7|2|1|877222323|1|1|
earlt|2011-06-18|140|was-chi|2|0|9|2|877257355|1|1|
earlt|2011-06-18|141|buf-col|2|1|6|2|877239996|1|1|
earlt|2011-06-18|142|tor-min|2|4|1|1|877274815|-0.5|1|
earlt|2011-06-18|143|ott-van|1|0|3|2|877238191|-0.5|1|
earlt|2011-06-18|144|mtl-edm|1|4|0|1|877240713|1|1|
earlt|2011-06-18|145|bos-cgy|1|3|0|1|877245166|1|1|
earlt|2011-06-18|146|njd-ana|1|1|2|2|877281940|-0.5|1|
earlt|2011-06-18|148|phi-lak|1|6|0|1|877236574|1|1|
earlt|2011-06-18|149|pit-dal|1|6|0|1|877232431|1|1|
earlt|2011-06-18|150|nyr-phx|1|3|1|1|877275077|1|1|
pescalune|2011-06-18|136|atl-car|1|5|1|1|877278200|1|1|
pescalune|2011-06-18|137|fla-tbl|1|13|0|1|877234775|1|1|
pescalune|2011-06-18|138|det-nas|1|3|1|1|877248353|1|1|
pescalune|2011-06-18|139|stl-cbj|1|7|2|1|877222323|1|1|
pescalune|2011-06-18|140|was-chi|2|0|9|2|877257355|1|1|
pescalune|2011-06-18|141|buf-col|2|1|6|2|877239996|1|1|
pescalune|2011-06-18|142|tor-min|2|4|1|1|877274815|-0.5|1|
pescalune|2011-06-18|143|ott-van|2|0|3|2|877238191|1|1|
pescalune|2011-06-18|144|mtl-edm|1|4|0|1|877240713|1|1|
pescalune|2011-06-18|145|bos-cgy|2|3|0|1|877245166|-0.5|1|
pescalune|2011-06-18|146|njd-ana|2|1|2|2|877281940|1|1|
pescalune|2011-06-18|147|nyi-sjs|2|4|5|2|877277368|1|1|
pescalune|2011-06-18|148|phi-lak|1|6|0|1|877236574|1|1|
pescalune|2011-06-18|150|nyr-phx|2|3|1|1|877275077|-0.5|1|
globox|2011-06-18|136|atl-car|1|5|1|1|877278200|1|1|
globox|2011-06-18|137|fla-tbl|1|13|0|1|877234775|1|1|
globox|2011-06-18|138|det-nas|1|3|1|1|877248353|1|1|
globox|2011-06-18|139|stl-cbj|1|7|2|1|877222323|1|1|
globox|2011-06-18|140|was-chi|2|0|9|2|877257355|1|1|
globox|2011-06-18|141|buf-col|2|1|6|2|877239996|1|1|
globox|2011-06-18|142|tor-min|2|4|1|1|877274815|-0.5|1|
globox|2011-06-18|143|ott-van|2|0|3|2|877238191|1|1|
globox|2011-06-18|144|mtl-edm|1|4|0|1|877240713|1|1|
globox|2011-06-18|146|njd-ana|X|1|2|2|877281940|-0.5|1|
globox|2011-06-18|147|nyi-sjs|2|4|5|2|877277368|1|1|
globox|2011-06-18|148|phi-lak|1|6|0|1|877236574|1|1|
globox|2011-06-18|149|pit-dal|1|6|0|1|877232431|1|1|
globox|2011-06-18|150|nyr-phx|1|3|1|1|877275077|1|1|
sollu|2011-06-18|136|atl-car|1|5|1|1|877278200|1|1|
sollu|2011-06-18|137|fla-tbl|1|13|0|1|877234775|1|1|
sollu|2011-06-18|138|det-nas|X|3|1|1|877248353|-0.5|1|
sollu|2011-06-18|139|stl-cbj|1|7|2|1|877222323|1|1|
sollu|2011-06-18|140|was-chi|2|0|9|2|877257355|1|1|
sollu|2011-06-18|142|tor-min|2|4|1|1|877274815|-0.5|1|
sollu|2011-06-18|143|ott-van|1|0|3|2|877238191|-0.5|1|
sollu|2011-06-18|144|mtl-edm|1|4|0|1|877240713|1|1|
sollu|2011-06-18|145|bos-cgy|1|3|0|1|877245166|1|1|
sollu|2011-06-18|146|njd-ana|2|1|2|2|877281940|1|1|
sollu|2011-06-18|147|nyi-sjs|2|4|5|2|877277368|1|1|
sollu|2011-06-18|148|phi-lak|1|6|0|1|877236574|1|1|
sollu|2011-06-18|149|pit-dal|1|6|0|1|877232431|1|1|
sollu|2011-06-18|150|nyr-phx|2|3|1|1|877275077|-0.5|1|
