sollu|2011-07-03|1009|nyi-car|2|1|7|2|877989396|1|1|
sollu|2011-07-03|1010|phi-tor|1|3|5|2|877988989|-0.5|1|
sollu|2011-07-03|1011|mtl-njd|2|0|3|2|877989169|1|1|
sollu|2011-07-03|1012|fla-atl|2|3|4|2|877983711|1|1|
sollu|2011-07-03|1014|min-stl|2|4|5|2|877984159|1|1|
sollu|2011-07-03|1015|chi-ana|2|1|5|2|877989789|1|1|
sollu|2011-07-03|1016|sjs-det|1|1|2|2|877983803|-0.5|1|
pescalune|2011-07-03|1009|nyi-car|2|1|7|2|877989396|1|1|
pescalune|2011-07-03|1010|phi-tor|1|3|5|2|877988989|-0.5|1|
pescalune|2011-07-03|1011|mtl-njd|2|0|3|2|877989169|1|1|
pescalune|2011-07-03|1012|fla-atl|1|3|4|2|877983711|-0.5|1|
pescalune|2011-07-03|1013|nas-col|2|0|8|2|877993337|1|1|
pescalune|2011-07-03|1014|min-stl|1|4|5|2|877984159|-0.5|1|
pescalune|2011-07-03|1015|chi-ana|2|1|5|2|877989789|1|1|
pescalune|2011-07-03|1016|sjs-det|1|1|2|2|877983803|-0.5|1|
