globox|2011-06-19|151|chi-atl|2|0|9|2|877257344|1|1|
globox|2011-06-19|152|car-det|1|8|3|1|877275116|1|1|
globox|2011-06-19|153|tbl-nas|2|0|5|2|877256382|1|1|
globox|2011-06-19|154|cbj-fla|2|0|11|2|877228219|1|1|
globox|2011-06-19|155|stl-was|1|11|1|1|877246156|1|1|
globox|2011-06-19|156|phi-mtl|1|1|3|2|877236591|-0.5|1|
globox|2011-06-19|157|buf-nyi|2|0|4|2|877274218|1|1|
globox|2011-06-19|158|bos-njd|2|1|9|2|877241146|1|1|
globox|2011-06-19|159|tor-pit|1|6|1|1|877282322|1|1|
globox|2011-06-19|160|nyr-ott|2|2|6|2|877237824|1|1|
globox|2011-06-19|161|dal-edm|X|5|2|1|877232543|-0.5|1|
globox|2011-06-19|162|lak-min|2|1|5|2|877283889|1|1|
globox|2011-06-19|164|col-phx|1|8|0|1|877239967|1|1|
globox|2011-06-19|165|van-ana|2|0|6|2|877235940|1|1|
pescalune|2011-06-19|151|chi-atl|2|0|9|2|877257344|1|1|
pescalune|2011-06-19|152|car-det|1|8|3|1|877275116|1|1|
pescalune|2011-06-19|153|tbl-nas|2|0|5|2|877256382|1|1|
pescalune|2011-06-19|154|cbj-fla|2|0|11|2|877228219|1|1|
pescalune|2011-06-19|155|stl-was|1|11|1|1|877246156|1|1|
pescalune|2011-06-19|156|phi-mtl|1|1|3|2|877236591|-0.5|1|
pescalune|2011-06-19|157|buf-nyi|2|0|4|2|877274218|1|1|
pescalune|2011-06-19|158|bos-njd|2|1|9|2|877241146|1|1|
pescalune|2011-06-19|159|tor-pit|1|6|1|1|877282322|1|1|
pescalune|2011-06-19|160|nyr-ott|2|2|6|2|877237824|1|1|
pescalune|2011-06-19|162|lak-min|2|1|5|2|877283889|1|1|
pescalune|2011-06-19|163|sjs-cgy|1|9|0|1|877238036|1|1|
pescalune|2011-06-19|164|col-phx|1|8|0|1|877239967|1|1|
pescalune|2011-06-19|165|van-ana|2|0|6|2|877235940|1|1|
