jarome121|2012-05-26|106|buf-mtl|2|1|2|2|881800859|1|1|
jarome121|2012-05-26|107|bos-tor|2|10|0|1|882412773|-0.5|1|
jarome121|2012-05-26|108|nyr-phi|1|11|0|1|881750392|1|1|
jarome121|2012-05-26|109|nyi-pit|1|4|1|1|881746179|1|1|
jarome121|2012-05-26|110|ott-njd|1|2|0|1|881744257|1|1|
jarome121|2012-05-26|111|det-phx|2|2|3|2|881745322|1|1|
jarome121|2012-05-26|112|stl-lak|2|2|6|2|881746266|1|1|
jarome121|2012-05-26|113|chi-dal|X|2|1|1|881743807|-0.5|1|
jarome121|2012-05-26|114|nas-ana|1|3|1|1|882409396|1|1|
jarome121|2012-05-26|115|cbj-sjs|1|6|0|1|881748259|1|1|
jarome121|2012-05-26|116|car-col|2|4|1|1|881747666|-0.5|1|
jarome121|2012-05-26|117|was-cgy|1|1|1|X|881743590|-0.5|2|
jarome121|2012-05-26|118|wpg-min|2|1|4|2|881756908|1|1|
jarome121|2012-05-26|119|fla-van|1|6|2|1|881780717|1|1|
jarome121|2012-05-26|120|tbl-edm|1|6|0|1|881781619|1|1|
