tomson|2012-05-13|61|fla-car|1|2|3|2|881757727|-0.5|1|
tomson|2012-05-13|62|wpg-tbl|1|7|3|1|881781616|1|1|
tomson|2012-05-13|63|chi-cbj|1|4|1|1|882344153|1|1|
tomson|2012-05-13|64|stl-det|1|1|11|2|881745551|-0.5|1|
tomson|2012-05-13|65|nas-was|1|0|4|2|881743707|-0.5|1|
tomson|2012-05-13|66|buf-tor|2|1|11|2|881812189|1|1|
tomson|2012-05-13|67|bos-ott|1|10|2|1|881747589|1|1|
tomson|2012-05-13|69|njd-nyi|2|1|5|2|881745986|1|1|
tomson|2012-05-13|70|mtl-phi|1|6|0|1|881778905|1|1|
tomson|2012-05-13|71|phx-ana|2|8|1|1|881788794|-0.5|1|
tomson|2012-05-13|72|dal-lak|1|1|9|2|881746262|-0.5|1|
tomson|2012-05-13|73|van-cgy|1|1|5|2|881751436|-0.5|1|
tomson|2012-05-13|74|edm-col|2|2|10|2|881783613|1|1|
tomson|2012-05-13|75|sjs-min|2|0|11|2|881748159|1|1|
jarome121|2012-05-13|61|fla-car|2|2|3|2|881757727|1|1|
jarome121|2012-05-13|62|wpg-tbl|1|7|3|1|881781616|1|1|
jarome121|2012-05-13|63|chi-cbj|1|4|1|1|882344153|1|1|
jarome121|2012-05-13|64|stl-det|2|1|11|2|881745551|1|1|
jarome121|2012-05-13|65|nas-was|2|0|4|2|881743707|1|1|
jarome121|2012-05-13|66|buf-tor|2|1|11|2|881812189|1|1|
jarome121|2012-05-13|67|bos-ott|1|10|2|1|881747589|1|1|
jarome121|2012-05-13|68|nyr-pit|1|6|0|1|881743561|1|1|
jarome121|2012-05-13|69|njd-nyi|2|1|5|2|881745986|1|1|
jarome121|2012-05-13|70|mtl-phi|1|6|0|1|881778905|1|1|
jarome121|2012-05-13|71|phx-ana|1|8|1|1|881788794|1|1|
jarome121|2012-05-13|72|dal-lak|2|1|9|2|881746262|1|1|
jarome121|2012-05-13|73|van-cgy|2|1|5|2|881751436|1|1|
jarome121|2012-05-13|74|edm-col|2|2|10|2|881783613|1|1|
jarome121|2012-05-13|75|sjs-min|2|0|11|2|881748159|1|1|
