cpalo|2012-06-03|151|car-wpg|1|1|5|2|881756910|-0.5|1|
cpalo|2012-06-03|152|was-tbl|1|2|3|2|881781620|-0.5|1|
cpalo|2012-06-03|153|cbj-stl|2|1|5|2|881748122|1|1|
cpalo|2012-06-03|154|nas-det|2|0|15|2|881749435|1|1|
cpalo|2012-06-03|155|fla-chi|2|9|2|1|881759237|-0.5|1|
cpalo|2012-06-03|156|bos-col|1|6|3|1|882391779|1|1|
cpalo|2012-06-03|157|mtl-cgy|2|7|1|1|881744759|-0.5|1|
cpalo|2012-06-03|158|tor-min|2|2|3|2|881759468|1|1|
cpalo|2012-06-03|159|buf-van|2|2|4|2|881781739|1|1|
cpalo|2012-06-03|160|ott-edm|2|5|1|1|881744560|-0.5|1|
cpalo|2012-06-03|161|nyi-phx|2|2|10|2|881779349|1|1|
cpalo|2012-06-03|163|pit-dal|2|2|3|2|881743562|1|1|
cpalo|2012-06-03|164|njd-ana|2|0|8|2|882403493|1|1|
cpalo|2012-06-03|165|phi-sjs|X|5|1|1|881750436|-0.5|1|
