jarome121|2012-05-20|91|fla-tbl|1|3|0|1|881781618|1|1|
jarome121|2012-05-20|92|wpg-was|1|6|1|1|881756907|1|1|
jarome121|2012-05-20|93|chi-det|2|1|3|2|881745805|1|1|
jarome121|2012-05-20|94|stl-nas|2|1|5|2|881743830|1|1|
jarome121|2012-05-20|95|cbj-car|2|2|9|2|881748119|1|1|
jarome121|2012-05-20|96|tor-ott|1|11|1|1|881759464|1|1|
jarome121|2012-05-20|97|bos-mtl|1|4|0|1|881807398|1|1|
jarome121|2012-05-20|98|pit-njd|1|10|1|1|881772632|1|1|
jarome121|2012-05-20|99|nyi-phi|1|12|0|1|881750387|1|1|
jarome121|2012-05-20|100|buf-nyr|1|2|5|2|881744960|-0.5|1|
jarome121|2012-05-20|101|phx-lak|1|1|3|2|881746323|-0.5|1|
jarome121|2012-05-20|102|dal-sjs|1|4|2|1|881748864|1|1|
jarome121|2012-05-20|103|van-col|2|3|1|1|881783614|-0.5|1|
jarome121|2012-05-20|104|edm-min|2|0|6|2|881748207|1|1|
jarome121|2012-05-20|105|cgy-ana|1|7|3|1|881744752|1|1|
