jarome121|2012-05-19|76|chi-car|2|1|1|X|881749366|-0.5|2|
jarome121|2012-05-19|77|wpg-cbj|1|4|2|1|881758785|1|1|
jarome121|2012-05-19|79|det-was|2|7|4|1|881744705|-0.5|1|
jarome121|2012-05-19|80|nas-fla|1|2|8|2|881757726|-0.5|1|
jarome121|2012-05-19|81|pit-buf|2|1|5|2|881800855|1|1|
jarome121|2012-05-19|82|bos-nyr|1|10|3|1|881747590|1|1|
jarome121|2012-05-19|83|ott-nyi|2|1|6|2|881744670|1|1|
jarome121|2012-05-19|84|mtl-njd|1|7|0|1|881778906|1|1|
jarome121|2012-05-19|85|phi-tor|2|0|15|2|881759463|1|1|
jarome121|2012-05-19|87|dal-cgy|2|0|2|2|881742314|1|1|
jarome121|2012-05-19|88|lak-edm|1|10|0|1|881748206|1|1|
jarome121|2012-05-19|89|col-sjs|1|12|0|1|881749585|1|1|
jarome121|2012-05-19|90|min-phx|2|3|5|2|881749310|1|1|
tomson|2012-05-19|76|chi-car|2|1|1|X|881749366|-0.5|2|
tomson|2012-05-19|77|wpg-cbj|1|4|2|1|881758785|1|1|
tomson|2012-05-19|78|tbl-stl|2|5|1|1|881781617|-0.5|1|
tomson|2012-05-19|79|det-was|1|7|4|1|881744705|1|1|
tomson|2012-05-19|80|nas-fla|1|2|8|2|881757726|-0.5|1|
tomson|2012-05-19|82|bos-nyr|2|10|3|1|881747590|-0.5|1|
tomson|2012-05-19|83|ott-nyi|1|1|6|2|881744670|-0.5|1|
tomson|2012-05-19|84|mtl-njd|1|7|0|1|881778906|1|1|
tomson|2012-05-19|85|phi-tor|2|0|15|2|881759463|1|1|
tomson|2012-05-19|86|ana-van|2|0|2|2|881781278|1|1|
tomson|2012-05-19|87|dal-cgy|2|0|2|2|881742314|1|1|
tomson|2012-05-19|88|lak-edm|2|10|0|1|881748206|-0.5|1|
tomson|2012-05-19|89|col-sjs|2|12|0|1|881749585|-0.5|1|
tomson|2012-05-19|90|min-phx|1|3|5|2|881749310|-0.5|1|
