flaherty|2012-06-10|181|car-was|1|3|0|1|881746113|1|1|
flaherty|2012-06-10|182|wpg-fla|1|6|4|1|881757725|1|1|
flaherty|2012-06-10|183|cbj-nas|1|1|2|2|881744385|-0.5|1|
flaherty|2012-06-10|184|stl-chi|X|4|3|1|881745806|-0.5|1|
flaherty|2012-06-10|185|det-tbl|1|9|1|1|881781621|1|1|
flaherty|2012-06-10|186|nyi-col|2|5|4|1|881780187|-0.5|1|
flaherty|2012-06-10|187|nyr-cgy|1|4|2|1|881743249|1|1|
flaherty|2012-06-10|189|njd-van|2|1|7|2|881780718|1|1|
flaherty|2012-06-10|190|phi-edm|2|1|6|2|881759505|1|1|
flaherty|2012-06-10|191|phx-bos|1|1|3|2|882391780|-0.5|1|
flaherty|2012-06-10|192|lak-mtl|1|2|1|1|881746330|1|1|
flaherty|2012-06-10|193|dal-tor|2|0|5|2|881759469|1|1|
flaherty|2012-06-10|194|ana-buf|2|4|6|2|882403342|1|1|
flaherty|2012-06-10|195|sjs-ott|2|0|6|2|881755326|1|1|
