jarome121|2012-05-12|46|buf-bos|2|4|12|2|881812246|1|1|
jarome121|2012-05-12|48|nyi-nyr|1|4|4|X|881744669|-0.5|2|
jarome121|2012-05-12|49|phi-njd|2|0|4|2|881758705|1|1|
jarome121|2012-05-12|50|tor-pit|1|5|0|1|881802012|1|1|
jarome121|2012-05-12|51|col-det|2|4|2|1|881747665|-0.5|1|
jarome121|2012-05-12|52|cgy-stl|2|3|2|1|881745549|-0.5|1|
jarome121|2012-05-12|53|min-chi|1|1|0|1|881749367|1|1|
jarome121|2012-05-12|54|van-nas|2|2|3|2|881751435|1|1|
jarome121|2012-05-12|55|edm-cbj|2|1|7|2|881780804|1|1|
jarome121|2012-05-12|56|phx-car|1|4|3|1|881746322|1|1|
jarome121|2012-05-12|57|lak-was|1|2|3|2|881746261|-0.5|1|
jarome121|2012-05-12|58|dal-wpg|2|1|5|2|881756899|1|1|
jarome121|2012-05-12|59|ana-fla|2|1|8|2|881781276|1|1|
jarome121|2012-05-12|60|sjs-tbl|2|0|4|2|881781614|1|1|
