earlt|2011-10-15|46|nas-stl|2|1|6|2|879073267|1|1|
earlt|2011-10-15|47|cbj-chi|2|1|8|2|879073733|1|1|
earlt|2011-10-15|48|phi-nyi|2|0|4|2|879052095|1|1|
earlt|2011-10-15|49|njd-nyr|2|3|7|2|879081387|1|1|
earlt|2011-10-15|50|det-pit|1|6|3|1|879051983|1|1|
earlt|2011-10-15|51|wpg-tor|1|2|1|1|879081229|1|1|
earlt|2011-10-15|52|fla-buf|1|5|1|1|879071531|1|1|
earlt|2011-10-15|53|car-mtl|1|2|0|1|879074845|1|1|
earlt|2011-10-15|54|was-bos|2|1|3|2|879074492|1|1|
earlt|2011-10-15|55|tbl-ott|1|1|0|1|879081206|1|1|
earlt|2011-10-15|57|ana-min|2|0|11|2|879074501|1|1|
earlt|2011-10-15|58|lak-cgy|1|4|1|1|879072833|1|1|
earlt|2011-10-15|59|phx-van|1|6|0|1|879073051|1|1|
earlt|2011-10-15|60|dal-edm|2|4|1|1|879078364|-0.5|1|
sollu|2011-10-15|46|nas-stl|2|1|6|2|879073267|1|1|
sollu|2011-10-15|47|cbj-chi|2|1|8|2|879073733|1|1|
sollu|2011-10-15|48|phi-nyi|2|0|4|2|879052095|1|1|
sollu|2011-10-15|49|njd-nyr|2|3|7|2|879081387|1|1|
sollu|2011-10-15|50|det-pit|1|6|3|1|879051983|1|1|
sollu|2011-10-15|51|wpg-tor|1|2|1|1|879081229|1|1|
sollu|2011-10-15|52|fla-buf|1|5|1|1|879071531|1|1|
sollu|2011-10-15|53|car-mtl|1|2|0|1|879074845|1|1|
sollu|2011-10-15|54|was-bos|2|1|3|2|879074492|1|1|
sollu|2011-10-15|55|tbl-ott|2|1|0|1|879081206|-0.5|1|
sollu|2011-10-15|57|ana-min|2|0|11|2|879074501|1|1|
sollu|2011-10-15|58|lak-cgy|1|4|1|1|879072833|1|1|
sollu|2011-10-15|59|phx-van|1|6|0|1|879073051|1|1|
sollu|2011-10-15|60|dal-edm|1|4|1|1|879078364|1|1|
pescalune|2011-10-15|46|nas-stl|2|1|6|2|879073267|1|1|
pescalune|2011-10-15|47|cbj-chi|2|1|8|2|879073733|1|1|
pescalune|2011-10-15|48|phi-nyi|2|0|4|2|879052095|1|1|
pescalune|2011-10-15|49|njd-nyr|2|3|7|2|879081387|1|1|
pescalune|2011-10-15|50|det-pit|1|6|3|1|879051983|1|1|
pescalune|2011-10-15|51|wpg-tor|1|2|1|1|879081229|1|1|
pescalune|2011-10-15|52|fla-buf|1|5|1|1|879071531|1|1|
pescalune|2011-10-15|53|car-mtl|1|2|0|1|879074845|1|1|
pescalune|2011-10-15|54|was-bos|2|1|3|2|879074492|1|1|
pescalune|2011-10-15|55|tbl-ott|1|1|0|1|879081206|1|1|
pescalune|2011-10-15|56|sjs-col|2|6|4|1|879051995|-0.5|1|
pescalune|2011-10-15|57|ana-min|2|0|11|2|879074501|1|1|
pescalune|2011-10-15|58|lak-cgy|1|4|1|1|879072833|1|1|
pescalune|2011-10-15|59|phx-van|1|6|0|1|879073051|1|1|
tomson|2011-10-15|46|nas-stl|2|1|6|2|879073267|1|1|
tomson|2011-10-15|47|cbj-chi|1|1|8|2|879073733|-0.5|1|
tomson|2011-10-15|48|phi-nyi|2|0|4|2|879052095|1|1|
tomson|2011-10-15|49|njd-nyr|2|3|7|2|879081387|1|1|
tomson|2011-10-15|51|wpg-tor|2|2|1|1|879081229|-0.5|1|
tomson|2011-10-15|52|fla-buf|1|5|1|1|879071531|1|1|
tomson|2011-10-15|53|car-mtl|1|2|0|1|879074845|1|1|
tomson|2011-10-15|54|was-bos|1|1|3|2|879074492|-0.5|1|
tomson|2011-10-15|55|tbl-ott|1|1|0|1|879081206|1|1|
tomson|2011-10-15|56|sjs-col|2|6|4|1|879051995|-0.5|1|
tomson|2011-10-15|57|ana-min|2|0|11|2|879074501|1|1|
tomson|2011-10-15|58|lak-cgy|1|4|1|1|879072833|1|1|
tomson|2011-10-15|59|phx-van|1|6|0|1|879073051|1|1|
tomson|2011-10-15|60|dal-edm|2|4|1|1|879078364|-0.5|1|
lordik13|2011-10-15|47|cbj-chi|2|1|8|2|879073733|1|1|
lordik13|2011-10-15|48|phi-nyi|2|0|4|2|879052095|1|1|
lordik13|2011-10-15|49|njd-nyr|2|3|7|2|879081387|1|1|
lordik13|2011-10-15|50|det-pit|1|6|3|1|879051983|1|1|
lordik13|2011-10-15|51|wpg-tor|1|2|1|1|879081229|1|1|
lordik13|2011-10-15|52|fla-buf|1|5|1|1|879071531|1|1|
lordik13|2011-10-15|53|car-mtl|1|2|0|1|879074845|1|1|
lordik13|2011-10-15|54|was-bos|1|1|3|2|879074492|-0.5|1|
lordik13|2011-10-15|55|tbl-ott|X|1|0|1|879081206|-0.5|1|
lordik13|2011-10-15|56|sjs-col|2|6|4|1|879051995|-0.5|1|
lordik13|2011-10-15|57|ana-min|2|0|11|2|879074501|1|1|
lordik13|2011-10-15|58|lak-cgy|1|4|1|1|879072833|1|1|
lordik13|2011-10-15|59|phx-van|1|6|0|1|879073051|1|1|
lordik13|2011-10-15|60|dal-edm|X|4|1|1|879078364|-0.5|1|
