sollu|2011-10-29|106|nas-chi|2|4|7|2|879073735|1|1|
sollu|2011-10-29|107|stl-det|2|3|0|1|879073269|-0.5|1|
sollu|2011-10-29|108|nyi-njd|1|9|0|1|879110354|1|1|
sollu|2011-10-29|109|phi-pit|2|1|2|2|879059575|1|1|
sollu|2011-10-29|110|cbj-nyr|2|2|3|2|879067465|1|1|
sollu|2011-10-29|111|tor-sjs|2|5|1|1|879052168|-0.5|1|
sollu|2011-10-29|112|buf-ana|1|7|0|1|879110377|1|1|
sollu|2011-10-29|113|mtl-lak|1|4|1|1|879074847|1|1|
sollu|2011-10-29|114|bos-phx|2|8|1|1|879120900|-0.5|1|
sollu|2011-10-29|115|ott-dal|2|1|3|2|879071393|1|1|
sollu|2011-10-29|117|min-fla|1|2|5|2|879069952|-0.5|1|
sollu|2011-10-29|118|cgy-car|2|1|10|2|879074797|1|1|
sollu|2011-10-29|119|van-was|2|2|11|2|879085814|1|1|
sollu|2011-10-29|120|edm-tbl|2|2|1|1|879078855|-0.5|1|
lordik13|2011-10-29|106|nas-chi|1|4|7|2|879073735|-0.5|1|
lordik13|2011-10-29|108|nyi-njd|1|9|0|1|879110354|1|1|
lordik13|2011-10-29|109|phi-pit|X|1|2|2|879059575|-0.5|1|
lordik13|2011-10-29|110|cbj-nyr|1|2|3|2|879067465|-0.5|1|
lordik13|2011-10-29|111|tor-sjs|2|5|1|1|879052168|-0.5|1|
lordik13|2011-10-29|112|buf-ana|1|7|0|1|879110377|1|1|
lordik13|2011-10-29|113|mtl-lak|X|4|1|1|879074847|-0.5|1|
lordik13|2011-10-29|114|bos-phx|2|8|1|1|879120900|-0.5|1|
lordik13|2011-10-29|116|col-wpg|1|2|6|2|879073942|-0.5|1|
lordik13|2011-10-29|117|min-fla|2|2|5|2|879069952|1|1|
lordik13|2011-10-29|118|cgy-car|2|1|10|2|879074797|1|1|
lordik13|2011-10-29|119|van-was|2|2|11|2|879085814|1|1|
lordik13|2011-10-29|120|edm-tbl|1|2|1|1|879078855|1|1|
