tomson|2011-10-30|121|phx-lak|2|3|2|1|879073053|-0.5|1|
tomson|2011-10-30|122|ana-dal|1|0|1|2|879074504|-0.5|1|
tomson|2011-10-30|123|fla-tbl|1|6|1|1|879076083|1|1|
tomson|2011-10-30|124|car-wpg|2|5|4|1|879074798|-0.5|1|
tomson|2011-10-30|125|was-sjs|2|1|9|2|879070985|1|1|
tomson|2011-10-30|126|tor-phi|1|11|0|1|879052172|1|1|
tomson|2011-10-30|127|buf-nyi|1|3|2|1|879124320|1|1|
tomson|2011-10-30|129|bos-nyr|1|8|3|1|879074495|1|1|
tomson|2011-10-30|130|ott-njd|2|2|1|1|879081207|-0.5|1|
tomson|2011-10-30|131|col-stl|1|4|3|1|879073270|1|1|
tomson|2011-10-30|132|min-chi|1|4|1|1|879073736|1|1|
tomson|2011-10-30|133|cgy-det|2|0|7|2|879071853|1|1|
tomson|2011-10-30|134|van-nas|2|1|10|2|879072717|1|1|
tomson|2011-10-30|135|edm-cbj|1|1|7|2|879081789|-0.5|1|
stipey|2011-10-30|121|phx-lak|1|3|2|1|879073053|1|1|
stipey|2011-10-30|122|ana-dal|1|0|1|2|879074504|-0.5|1|
stipey|2011-10-30|123|fla-tbl|1|6|1|1|879076083|1|1|
stipey|2011-10-30|124|car-wpg|1|5|4|1|879074798|1|1|
stipey|2011-10-30|125|was-sjs|2|1|9|2|879070985|1|1|
stipey|2011-10-30|126|tor-phi|1|11|0|1|879052172|1|1|
stipey|2011-10-30|128|mtl-pit|1|5|2|1|879110120|1|1|
stipey|2011-10-30|129|bos-nyr|1|8|3|1|879074495|1|1|
stipey|2011-10-30|130|ott-njd|1|2|1|1|879081207|1|1|
stipey|2011-10-30|131|col-stl|1|4|3|1|879073270|1|1|
stipey|2011-10-30|132|min-chi|1|4|1|1|879073736|1|1|
stipey|2011-10-30|133|cgy-det|2|0|7|2|879071853|1|1|
stipey|2011-10-30|134|van-nas|1|1|10|2|879072717|-0.5|1|
stipey|2011-10-30|135|edm-cbj|1|1|7|2|879081789|-0.5|1|
pescalune|2011-10-30|121|phx-lak|2|3|2|1|879073053|-0.5|1|
pescalune|2011-10-30|123|fla-tbl|1|6|1|1|879076083|1|1|
pescalune|2011-10-30|124|car-wpg|1|5|4|1|879074798|1|1|
pescalune|2011-10-30|125|was-sjs|2|1|9|2|879070985|1|1|
pescalune|2011-10-30|126|tor-phi|1|11|0|1|879052172|1|1|
pescalune|2011-10-30|127|buf-nyi|1|3|2|1|879124320|1|1|
pescalune|2011-10-30|128|mtl-pit|1|5|2|1|879110120|1|1|
pescalune|2011-10-30|129|bos-nyr|1|8|3|1|879074495|1|1|
pescalune|2011-10-30|130|ott-njd|1|2|1|1|879081207|1|1|
pescalune|2011-10-30|131|col-stl|1|4|3|1|879073270|1|1|
pescalune|2011-10-30|132|min-chi|1|4|1|1|879073736|1|1|
pescalune|2011-10-30|133|cgy-det|2|0|7|2|879071853|1|1|
pescalune|2011-10-30|134|van-nas|2|1|10|2|879072717|1|1|
pescalune|2011-10-30|135|edm-cbj|1|1|7|2|879081789|-0.5|1|
sollu|2011-10-30|121|phx-lak|1|3|2|1|879073053|1|1|
sollu|2011-10-30|122|ana-dal|2|0|1|2|879074504|1|1|
sollu|2011-10-30|123|fla-tbl|1|6|1|1|879076083|1|1|
sollu|2011-10-30|124|car-wpg|2|5|4|1|879074798|-0.5|1|
sollu|2011-10-30|125|was-sjs|2|1|9|2|879070985|1|1|
sollu|2011-10-30|126|tor-phi|1|11|0|1|879052172|1|1|
sollu|2011-10-30|127|buf-nyi|2|3|2|1|879124320|-0.5|1|
sollu|2011-10-30|128|mtl-pit|1|5|2|1|879110120|1|1|
sollu|2011-10-30|129|bos-nyr|1|8|3|1|879074495|1|1|
sollu|2011-10-30|130|ott-njd|1|2|1|1|879081207|1|1|
sollu|2011-10-30|132|min-chi|1|4|1|1|879073736|1|1|
sollu|2011-10-30|133|cgy-det|2|0|7|2|879071853|1|1|
sollu|2011-10-30|134|van-nas|2|1|10|2|879072717|1|1|
sollu|2011-10-30|135|edm-cbj|2|1|7|2|879081789|1|1|
lordik13|2011-10-30|121|phx-lak|1|3|2|1|879073053|1|1|
lordik13|2011-10-30|122|ana-dal|2|0|1|2|879074504|1|1|
lordik13|2011-10-30|123|fla-tbl|1|6|1|1|879076083|1|1|
lordik13|2011-10-30|124|car-wpg|X|5|4|1|879074798|-0.5|1|
lordik13|2011-10-30|125|was-sjs|2|1|9|2|879070985|1|1|
lordik13|2011-10-30|126|tor-phi|1|11|0|1|879052172|1|1|
lordik13|2011-10-30|127|buf-nyi|X|3|2|1|879124320|-0.5|1|
lordik13|2011-10-30|128|mtl-pit|X|5|2|1|879110120|-0.5|1|
lordik13|2011-10-30|129|bos-nyr|2|8|3|1|879074495|-0.5|1|
lordik13|2011-10-30|130|ott-njd|1|2|1|1|879081207|1|1|
lordik13|2011-10-30|132|min-chi|1|4|1|1|879073736|1|1|
lordik13|2011-10-30|133|cgy-det|2|0|7|2|879071853|1|1|
lordik13|2011-10-30|134|van-nas|X|1|10|2|879072717|-0.5|1|
lordik13|2011-10-30|135|edm-cbj|2|1|7|2|879081789|1|1|
