sollu|2011-11-05|136|edm-mtl|2|2|5|2|879110121|1|1|
sollu|2011-11-05|137|min-ott|1|11|0|1|879071394|1|1|
sollu|2011-11-05|138|buf-van|1|10|1|1|879071532|1|1|
sollu|2011-11-05|140|bos-cgy|1|4|1|1|879074496|1|1|
sollu|2011-11-05|141|cbj-pit|1|0|0|X|879089721|-0.5|2|
sollu|2011-11-05|142|chi-nyi|2|5|3|1|879744556|-0.5|1|
sollu|2011-11-05|143|det-phi|1|12|0|1|879051925|1|1|
sollu|2011-11-05|144|nyr-nas|2|0|3|2|879072718|1|1|
sollu|2011-11-05|145|njd-stl|2|0|10|2|879077579|1|1|
sollu|2011-11-05|146|ana-was|2|0|5|2|879074505|1|1|
sollu|2011-11-05|147|dal-fla|2|1|6|2|879070039|1|1|
sollu|2011-11-05|148|tbl-sjs|2|2|13|2|879076084|1|1|
sollu|2011-11-05|149|wpg-phx|1|4|4|X|879075619|-0.5|2|
sollu|2011-11-05|150|car-lak|1|12|0|1|879074799|1|1|
pescalune|2011-11-05|136|edm-mtl|2|2|5|2|879110121|1|1|
pescalune|2011-11-05|137|min-ott|1|11|0|1|879071394|1|1|
pescalune|2011-11-05|138|buf-van|1|10|1|1|879071532|1|1|
pescalune|2011-11-05|139|tor-col|2|1|3|2|879052174|1|1|
pescalune|2011-11-05|140|bos-cgy|1|4|1|1|879074496|1|1|
pescalune|2011-11-05|141|cbj-pit|2|0|0|X|879089721|-0.5|2|
pescalune|2011-11-05|142|chi-nyi|1|5|3|1|879744556|1|1|
pescalune|2011-11-05|143|det-phi|1|12|0|1|879051925|1|1|
pescalune|2011-11-05|144|nyr-nas|2|0|3|2|879072718|1|1|
pescalune|2011-11-05|145|njd-stl|2|0|10|2|879077579|1|1|
pescalune|2011-11-05|146|ana-was|2|0|5|2|879074505|1|1|
pescalune|2011-11-05|148|tbl-sjs|2|2|13|2|879076084|1|1|
pescalune|2011-11-05|149|wpg-phx|1|4|4|X|879075619|-0.5|2|
pescalune|2011-11-05|150|car-lak|1|12|0|1|879074799|1|1|
stipey|2011-11-05|136|edm-mtl|1|2|5|2|879110121|-0.5|1|
stipey|2011-11-05|137|min-ott|1|11|0|1|879071394|1|1|
stipey|2011-11-05|138|buf-van|1|10|1|1|879071532|1|1|
stipey|2011-11-05|139|tor-col|2|1|3|2|879052174|1|1|
stipey|2011-11-05|140|bos-cgy|1|4|1|1|879074496|1|1|
stipey|2011-11-05|141|cbj-pit|2|0|0|X|879089721|-0.5|2|
stipey|2011-11-05|143|det-phi|1|12|0|1|879051925|1|1|
stipey|2011-11-05|144|nyr-nas|1|0|3|2|879072718|-0.5|1|
stipey|2011-11-05|145|njd-stl|2|0|10|2|879077579|1|1|
stipey|2011-11-05|146|ana-was|1|0|5|2|879074505|-0.5|1|
stipey|2011-11-05|147|dal-fla|2|1|6|2|879070039|1|1|
stipey|2011-11-05|148|tbl-sjs|2|2|13|2|879076084|1|1|
stipey|2011-11-05|149|wpg-phx|1|4|4|X|879075619|-0.5|2|
stipey|2011-11-05|150|car-lak|1|12|0|1|879074799|1|1|
lordik13|2011-11-05|136|edm-mtl|2|2|5|2|879110121|1|1|
lordik13|2011-11-05|137|min-ott|1|11|0|1|879071394|1|1|
lordik13|2011-11-05|138|buf-van|1|10|1|1|879071532|1|1|
lordik13|2011-11-05|139|tor-col|2|1|3|2|879052174|1|1|
lordik13|2011-11-05|140|bos-cgy|X|4|1|1|879074496|-0.5|1|
lordik13|2011-11-05|141|cbj-pit|1|0|0|X|879089721|-0.5|2|
lordik13|2011-11-05|142|chi-nyi|1|5|3|1|879744556|1|1|
lordik13|2011-11-05|143|det-phi|1|12|0|1|879051925|1|1|
lordik13|2011-11-05|144|nyr-nas|2|0|3|2|879072718|1|1|
lordik13|2011-11-05|146|ana-was|2|0|5|2|879074505|1|1|
lordik13|2011-11-05|147|dal-fla|2|1|6|2|879070039|1|1|
lordik13|2011-11-05|148|tbl-sjs|2|2|13|2|879076084|1|1|
lordik13|2011-11-05|149|wpg-phx|1|4|4|X|879075619|-0.5|2|
lordik13|2011-11-05|150|car-lak|1|12|0|1|879074799|1|1|
