stipey|2011-10-23|91|van-edm|1|1|10|2|879071069|-0.5|1|
stipey|2011-10-23|92|cgy-min|2|1|4|2|879071852|1|1|
stipey|2011-10-23|93|mtl-tor|1|1|3|2|879718558|-0.5|1|
stipey|2011-10-23|94|buf-bos|1|1|1|X|879120899|-0.5|2|
stipey|2011-10-23|96|det-cbj|1|12|1|1|879067462|1|1|
stipey|2011-10-23|97|stl-chi|1|6|2|1|879076943|1|1|
stipey|2011-10-23|98|pit-nyr|1|2|7|2|879051984|-0.5|1|
stipey|2011-10-23|99|phi-njd|2|1|3|2|879071093|1|1|
stipey|2011-10-23|101|sjs-ana|1|14|1|1|879074503|1|1|
stipey|2011-10-23|102|lak-dal|1|2|2|X|879072837|-0.5|2|
stipey|2011-10-23|103|was-wpg|2|1|11|2|879073939|1|1|
stipey|2011-10-23|104|tbl-car|2|0|8|2|879076080|1|1|
stipey|2011-10-23|105|fla-phx|1|6|1|1|879073052|1|1|
earlt|2011-10-23|91|van-edm|2|1|10|2|879071069|1|1|
earlt|2011-10-23|92|cgy-min|2|1|4|2|879071852|1|1|
earlt|2011-10-23|93|mtl-tor|2|1|3|2|879718558|1|1|
earlt|2011-10-23|94|buf-bos|2|1|1|X|879120899|-0.5|2|
earlt|2011-10-23|95|ott-col|2|0|11|2|879071392|1|1|
earlt|2011-10-23|96|det-cbj|1|12|1|1|879067462|1|1|
earlt|2011-10-23|97|stl-chi|1|6|2|1|879076943|1|1|
earlt|2011-10-23|98|pit-nyr|1|2|7|2|879051984|-0.5|1|
earlt|2011-10-23|99|phi-njd|2|1|3|2|879071093|1|1|
earlt|2011-10-23|100|nas-nyi|2|0|0|X|879073091|-0.5|2|
earlt|2011-10-23|102|lak-dal|1|2|2|X|879072837|-0.5|2|
earlt|2011-10-23|103|was-wpg|2|1|11|2|879073939|1|1|
earlt|2011-10-23|104|tbl-car|2|0|8|2|879076080|1|1|
earlt|2011-10-23|105|fla-phx|1|6|1|1|879073052|1|1|
pescalune|2011-10-23|91|van-edm|2|1|10|2|879071069|1|1|
pescalune|2011-10-23|92|cgy-min|2|1|4|2|879071852|1|1|
pescalune|2011-10-23|93|mtl-tor|2|1|3|2|879718558|1|1|
pescalune|2011-10-23|94|buf-bos|1|1|1|X|879120899|-0.5|2|
pescalune|2011-10-23|95|ott-col|2|0|11|2|879071392|1|1|
pescalune|2011-10-23|96|det-cbj|1|12|1|1|879067462|1|1|
pescalune|2011-10-23|97|stl-chi|1|6|2|1|879076943|1|1|
pescalune|2011-10-23|98|pit-nyr|1|2|7|2|879051984|-0.5|1|
pescalune|2011-10-23|99|phi-njd|1|1|3|2|879071093|-0.5|1|
pescalune|2011-10-23|100|nas-nyi|1|0|0|X|879073091|-0.5|2|
pescalune|2011-10-23|101|sjs-ana|1|14|1|1|879074503|1|1|
pescalune|2011-10-23|103|was-wpg|2|1|11|2|879073939|1|1|
pescalune|2011-10-23|104|tbl-car|2|0|8|2|879076080|1|1|
pescalune|2011-10-23|105|fla-phx|1|6|1|1|879073052|1|1|
cpalo|2011-10-23|91|van-edm|1|1|10|2|879071069|-0.5|1|
cpalo|2011-10-23|92|cgy-min|1|1|4|2|879071852|-0.5|1|
cpalo|2011-10-23|93|mtl-tor|1|1|3|2|879718558|-0.5|1|
cpalo|2011-10-23|94|buf-bos|1|1|1|X|879120899|-0.5|2|
cpalo|2011-10-23|95|ott-col|X|0|11|2|879071392|-0.5|1|
cpalo|2011-10-23|96|det-cbj|2|12|1|1|879067462|-0.5|1|
cpalo|2011-10-23|97|stl-chi|2|6|2|1|879076943|-0.5|1|
cpalo|2011-10-23|98|pit-nyr|2|2|7|2|879051984|1|1|
cpalo|2011-10-23|99|phi-njd|2|1|3|2|879071093|1|1|
cpalo|2011-10-23|100|nas-nyi|2|0|0|X|879073091|-0.5|2|
cpalo|2011-10-23|101|sjs-ana|2|14|1|1|879074503|-0.5|1|
cpalo|2011-10-23|103|was-wpg|2|1|11|2|879073939|1|1|
cpalo|2011-10-23|104|tbl-car|2|0|8|2|879076080|1|1|
cpalo|2011-10-23|105|fla-phx|2|6|1|1|879073052|-0.5|1|
sollu|2011-10-23|91|van-edm|2|1|10|2|879071069|1|1|
sollu|2011-10-23|92|cgy-min|2|1|4|2|879071852|1|1|
sollu|2011-10-23|93|mtl-tor|2|1|3|2|879718558|1|1|
sollu|2011-10-23|94|buf-bos|1|1|1|X|879120899|-0.5|2|
sollu|2011-10-23|96|det-cbj|1|12|1|1|879067462|1|1|
sollu|2011-10-23|97|stl-chi|1|6|2|1|879076943|1|1|
sollu|2011-10-23|98|pit-nyr|1|2|7|2|879051984|-0.5|1|
sollu|2011-10-23|99|phi-njd|1|1|3|2|879071093|-0.5|1|
sollu|2011-10-23|100|nas-nyi|1|0|0|X|879073091|-0.5|2|
sollu|2011-10-23|101|sjs-ana|1|14|1|1|879074503|1|1|
sollu|2011-10-23|102|lak-dal|1|2|2|X|879072837|-0.5|2|
sollu|2011-10-23|103|was-wpg|2|1|11|2|879073939|1|1|
sollu|2011-10-23|104|tbl-car|2|0|8|2|879076080|1|1|
sollu|2011-10-23|105|fla-phx|1|6|1|1|879073052|1|1|
tomson|2011-10-23|91|van-edm|2|1|10|2|879071069|1|1|
tomson|2011-10-23|92|cgy-min|2|1|4|2|879071852|1|1|
tomson|2011-10-23|93|mtl-tor|2|1|3|2|879718558|1|1|
tomson|2011-10-23|94|buf-bos|1|1|1|X|879120899|-0.5|2|
tomson|2011-10-23|95|ott-col|2|0|11|2|879071392|1|1|
tomson|2011-10-23|96|det-cbj|1|12|1|1|879067462|1|1|
tomson|2011-10-23|97|stl-chi|1|6|2|1|879076943|1|1|
tomson|2011-10-23|99|phi-njd|2|1|3|2|879071093|1|1|
tomson|2011-10-23|100|nas-nyi|1|0|0|X|879073091|-0.5|2|
tomson|2011-10-23|101|sjs-ana|1|14|1|1|879074503|1|1|
tomson|2011-10-23|102|lak-dal|1|2|2|X|879072837|-0.5|2|
tomson|2011-10-23|103|was-wpg|2|1|11|2|879073939|1|1|
tomson|2011-10-23|104|tbl-car|2|0|8|2|879076080|1|1|
tomson|2011-10-23|105|fla-phx|1|6|1|1|879073052|1|1|
lordik13|2011-10-23|91|van-edm|2|1|10|2|879071069|1|1|
lordik13|2011-10-23|92|cgy-min|2|1|4|2|879071852|1|1|
lordik13|2011-10-23|93|mtl-tor|2|1|3|2|879718558|1|1|
lordik13|2011-10-23|94|buf-bos|1|1|1|X|879120899|-0.5|2|
lordik13|2011-10-23|95|ott-col|2|0|11|2|879071392|1|1|
lordik13|2011-10-23|96|det-cbj|1|12|1|1|879067462|1|1|
lordik13|2011-10-23|98|pit-nyr|X|2|7|2|879051984|-0.5|1|
lordik13|2011-10-23|99|phi-njd|1|1|3|2|879071093|-0.5|1|
lordik13|2011-10-23|100|nas-nyi|X|0|0|X|879073091|2|2|
lordik13|2011-10-23|101|sjs-ana|1|14|1|1|879074503|1|1|
lordik13|2011-10-23|102|lak-dal|X|2|2|X|879072837|2|2|
lordik13|2011-10-23|103|was-wpg|2|1|11|2|879073939|1|1|
lordik13|2011-10-23|104|tbl-car|2|0|8|2|879076080|1|1|
lordik13|2011-10-23|105|fla-phx|1|6|1|1|879073052|1|1|
