tomson|2011-11-13|181|col-min|1|5|1|1|879052069|1|1|
tomson|2011-11-13|182|cgy-van|1|8|0|1|879071855|1|1|
tomson|2011-11-13|183|ott-bos|2|0|7|2|879120901|1|1|
tomson|2011-11-13|184|buf-mtl|2|1|4|2|879742407|1|1|
tomson|2011-11-13|185|tor-edm|1|9|1|1|879081232|1|1|
tomson|2011-11-13|186|phi-wpg|2|0|11|2|879073947|1|1|
tomson|2011-11-13|187|nyi-fla|2|1|7|2|879072515|1|1|
tomson|2011-11-13|189|nyr-was|1|2|4|2|879085813|-0.5|1|
tomson|2011-11-13|190|njd-tbl|2|3|2|1|879087158|-0.5|1|
tomson|2011-11-13|191|sjs-stl|1|1|4|2|879073271|-0.5|1|
tomson|2011-11-13|192|ana-chi|2|0|10|2|879110525|1|1|
tomson|2011-11-13|193|lak-det|2|1|5|2|879072842|1|1|
tomson|2011-11-13|194|phx-nas|2|1|4|2|879073054|1|1|
tomson|2011-11-13|195|dal-cbj|2|1|2|2|879067472|1|1|
pescalune|2011-11-13|181|col-min|X|5|1|1|879052069|-0.5|1|
pescalune|2011-11-13|182|cgy-van|1|8|0|1|879071855|1|1|
pescalune|2011-11-13|183|ott-bos|2|0|7|2|879120901|1|1|
pescalune|2011-11-13|184|buf-mtl|2|1|4|2|879742407|1|1|
pescalune|2011-11-13|185|tor-edm|1|9|1|1|879081232|1|1|
pescalune|2011-11-13|186|phi-wpg|2|0|11|2|879073947|1|1|
pescalune|2011-11-13|187|nyi-fla|2|1|7|2|879072515|1|1|
pescalune|2011-11-13|188|pit-car|2|0|12|2|879074890|1|1|
pescalune|2011-11-13|189|nyr-was|2|2|4|2|879085813|1|1|
pescalune|2011-11-13|190|njd-tbl|2|3|2|1|879087158|-0.5|1|
pescalune|2011-11-13|191|sjs-stl|1|1|4|2|879073271|-0.5|1|
pescalune|2011-11-13|192|ana-chi|2|0|10|2|879110525|1|1|
pescalune|2011-11-13|193|lak-det|2|1|5|2|879072842|1|1|
pescalune|2011-11-13|194|phx-nas|X|1|4|2|879073054|-0.5|1|
