earlt|2011-10-08|16|min-mtl|1|4|2|1|879074843|1|1|
earlt|2011-10-08|17|ott-van|1|9|0|1|879071390|1|1|
earlt|2011-10-08|18|col-buf|1|4|1|1|879071530|1|1|
earlt|2011-10-08|19|tor-cgy|1|8|1|1|879081226|1|1|
earlt|2011-10-08|20|edm-bos|2|1|10|2|879112619|1|1|
earlt|2011-10-08|21|chi-pit|1|0|10|2|879076942|-0.5|1|
earlt|2011-10-08|22|det-nyi|1|10|0|1|879071828|1|1|
earlt|2011-10-08|23|phi-nas|1|0|12|2|879072715|-0.5|1|
earlt|2011-10-08|24|nyr-stl|2|2|5|2|879073266|1|1|
earlt|2011-10-08|25|cbj-njd|1|4|0|1|879071090|1|1|
earlt|2011-10-08|26|dal-was|2|5|1|1|879070984|-0.5|1|
earlt|2011-10-08|28|tbl-phx|2|4|3|1|879079434|-0.5|1|
earlt|2011-10-08|29|wpg-lak|1|7|0|1|879073898|1|1|
earlt|2011-10-08|30|car-ana|1|11|1|1|879088535|1|1|
tomson|2011-10-08|16|min-mtl|1|4|2|1|879074843|1|1|
tomson|2011-10-08|17|ott-van|1|9|0|1|879071390|1|1|
tomson|2011-10-08|18|col-buf|1|4|1|1|879071530|1|1|
tomson|2011-10-08|19|tor-cgy|1|8|1|1|879081226|1|1|
tomson|2011-10-08|20|edm-bos|1|1|10|2|879112619|-0.5|1|
tomson|2011-10-08|22|det-nyi|1|10|0|1|879071828|1|1|
tomson|2011-10-08|23|phi-nas|2|0|12|2|879072715|1|1|
tomson|2011-10-08|24|nyr-stl|2|2|5|2|879073266|1|1|
tomson|2011-10-08|25|cbj-njd|1|4|0|1|879071090|1|1|
tomson|2011-10-08|26|dal-was|2|5|1|1|879070984|-0.5|1|
tomson|2011-10-08|27|fla-sjs|2|6|2|1|879070056|-0.5|1|
tomson|2011-10-08|28|tbl-phx|2|4|3|1|879079434|-0.5|1|
tomson|2011-10-08|29|wpg-lak|1|7|0|1|879073898|1|1|
tomson|2011-10-08|30|car-ana|1|11|1|1|879088535|1|1|
pescalune|2011-10-08|16|min-mtl|1|4|2|1|879074843|1|1|
pescalune|2011-10-08|17|ott-van|1|9|0|1|879071390|1|1|
pescalune|2011-10-08|18|col-buf|1|4|1|1|879071530|1|1|
pescalune|2011-10-08|19|tor-cgy|1|8|1|1|879081226|1|1|
pescalune|2011-10-08|20|edm-bos|2|1|10|2|879112619|1|1|
pescalune|2011-10-08|21|chi-pit|1|0|10|2|879076942|-0.5|1|
pescalune|2011-10-08|22|det-nyi|1|10|0|1|879071828|1|1|
pescalune|2011-10-08|23|phi-nas|2|0|12|2|879072715|1|1|
pescalune|2011-10-08|24|nyr-stl|2|2|5|2|879073266|1|1|
pescalune|2011-10-08|25|cbj-njd|1|4|0|1|879071090|1|1|
pescalune|2011-10-08|27|fla-sjs|2|6|2|1|879070056|-0.5|1|
pescalune|2011-10-08|28|tbl-phx|2|4|3|1|879079434|-0.5|1|
pescalune|2011-10-08|29|wpg-lak|1|7|0|1|879073898|1|1|
pescalune|2011-10-08|30|car-ana|1|11|1|1|879088535|1|1|
zoidberg|2011-10-08|16|min-mtl|1|4|2|1|879074843|1|1|
zoidberg|2011-10-08|17|ott-van|1|9|0|1|879071390|1|1|
zoidberg|2011-10-08|18|col-buf|1|4|1|1|879071530|1|1|
zoidberg|2011-10-08|19|tor-cgy|1|8|1|1|879081226|1|1|
zoidberg|2011-10-08|20|edm-bos|2|1|10|2|879112619|1|1|
zoidberg|2011-10-08|21|chi-pit|1|0|10|2|879076942|-0.5|1|
zoidberg|2011-10-08|22|det-nyi|1|10|0|1|879071828|1|1|
zoidberg|2011-10-08|23|phi-nas|2|0|12|2|879072715|1|1|
zoidberg|2011-10-08|24|nyr-stl|2|2|5|2|879073266|1|1|
zoidberg|2011-10-08|25|cbj-njd|1|4|0|1|879071090|1|1|
zoidberg|2011-10-08|26|dal-was|X|5|1|1|879070984|-0.5|1|
zoidberg|2011-10-08|28|tbl-phx|2|4|3|1|879079434|-0.5|1|
zoidberg|2011-10-08|29|wpg-lak|1|7|0|1|879073898|1|1|
zoidberg|2011-10-08|30|car-ana|1|11|1|1|879088535|1|1|
sllaby|2011-10-08|16|min-mtl|1|4|2|1|879074843|1|1|
sllaby|2011-10-08|17|ott-van|1|9|0|1|879071390|1|1|
sllaby|2011-10-08|19|tor-cgy|1|8|1|1|879081226|1|1|
sllaby|2011-10-08|20|edm-bos|2|1|10|2|879112619|1|1|
sllaby|2011-10-08|21|chi-pit|1|0|10|2|879076942|-0.5|1|
sllaby|2011-10-08|22|det-nyi|1|10|0|1|879071828|1|1|
sllaby|2011-10-08|23|phi-nas|2|0|12|2|879072715|1|1|
sllaby|2011-10-08|24|nyr-stl|1|2|5|2|879073266|-0.5|1|
sllaby|2011-10-08|25|cbj-njd|1|4|0|1|879071090|1|1|
sllaby|2011-10-08|26|dal-was|1|5|1|1|879070984|1|1|
sllaby|2011-10-08|27|fla-sjs|1|6|2|1|879070056|1|1|
sllaby|2011-10-08|29|wpg-lak|1|7|0|1|879073898|1|1|
sllaby|2011-10-08|30|car-ana|1|11|1|1|879088535|1|1|
cpalo|2011-10-08|16|min-mtl|2|4|2|1|879074843|-0.5|1|
cpalo|2011-10-08|17|ott-van|2|9|0|1|879071390|-0.5|1|
cpalo|2011-10-08|18|col-buf|1|4|1|1|879071530|1|1|
cpalo|2011-10-08|19|tor-cgy|1|8|1|1|879081226|1|1|
cpalo|2011-10-08|20|edm-bos|1|1|10|2|879112619|-0.5|1|
cpalo|2011-10-08|21|chi-pit|1|0|10|2|879076942|-0.5|1|
cpalo|2011-10-08|22|det-nyi|1|10|0|1|879071828|1|1|
cpalo|2011-10-08|23|phi-nas|2|0|12|2|879072715|1|1|
cpalo|2011-10-08|24|nyr-stl|2|2|5|2|879073266|1|1|
cpalo|2011-10-08|25|cbj-njd|1|4|0|1|879071090|1|1|
cpalo|2011-10-08|26|dal-was|1|5|1|1|879070984|1|1|
cpalo|2011-10-08|27|fla-sjs|1|6|2|1|879070056|1|1|
cpalo|2011-10-08|28|tbl-phx|2|4|3|1|879079434|-0.5|1|
cpalo|2011-10-08|30|car-ana|1|11|1|1|879088535|1|1|
lordik13|2011-10-08|16|min-mtl|1|4|2|1|879074843|1|1|
lordik13|2011-10-08|17|ott-van|1|9|0|1|879071390|1|1|
lordik13|2011-10-08|18|col-buf|1|4|1|1|879071530|1|1|
lordik13|2011-10-08|19|tor-cgy|1|8|1|1|879081226|1|1|
lordik13|2011-10-08|20|edm-bos|X|1|10|2|879112619|-0.5|1|
lordik13|2011-10-08|21|chi-pit|1|0|10|2|879076942|-0.5|1|
lordik13|2011-10-08|22|det-nyi|1|10|0|1|879071828|1|1|
lordik13|2011-10-08|23|phi-nas|2|0|12|2|879072715|1|1|
lordik13|2011-10-08|25|cbj-njd|1|4|0|1|879071090|1|1|
lordik13|2011-10-08|26|dal-was|X|5|1|1|879070984|-0.5|1|
lordik13|2011-10-08|27|fla-sjs|1|6|2|1|879070056|1|1|
lordik13|2011-10-08|28|tbl-phx|2|4|3|1|879079434|-0.5|1|
lordik13|2011-10-08|29|wpg-lak|1|7|0|1|879073898|1|1|
lordik13|2011-10-08|30|car-ana|1|11|1|1|879088535|1|1|
poprava|2011-10-08|16|min-mtl|1|4|2|1|879074843|1|1|
poprava|2011-10-08|17|ott-van|1|9|0|1|879071390|1|1|
poprava|2011-10-08|18|col-buf|1|4|1|1|879071530|1|1|
poprava|2011-10-08|19|tor-cgy|1|8|1|1|879081226|1|1|
poprava|2011-10-08|20|edm-bos|2|1|10|2|879112619|1|1|
poprava|2011-10-08|21|chi-pit|1|0|10|2|879076942|-0.5|1|
poprava|2011-10-08|22|det-nyi|1|10|0|1|879071828|1|1|
poprava|2011-10-08|23|phi-nas|2|0|12|2|879072715|1|1|
poprava|2011-10-08|24|nyr-stl|2|2|5|2|879073266|1|1|
poprava|2011-10-08|25|cbj-njd|1|4|0|1|879071090|1|1|
poprava|2011-10-08|26|dal-was|2|5|1|1|879070984|-0.5|1|
poprava|2011-10-08|27|fla-sjs|1|6|2|1|879070056|1|1|
poprava|2011-10-08|28|tbl-phx|2|4|3|1|879079434|-0.5|1|
poprava|2011-10-08|29|wpg-lak|1|7|0|1|879073898|1|1|
sollu|2011-10-08|16|min-mtl|1|4|2|1|879074843|1|1|
sollu|2011-10-08|17|ott-van|1|9|0|1|879071390|1|1|
sollu|2011-10-08|19|tor-cgy|1|8|1|1|879081226|1|1|
sollu|2011-10-08|20|edm-bos|2|1|10|2|879112619|1|1|
sollu|2011-10-08|21|chi-pit|1|0|10|2|879076942|-0.5|1|
sollu|2011-10-08|22|det-nyi|1|10|0|1|879071828|1|1|
sollu|2011-10-08|23|phi-nas|2|0|12|2|879072715|1|1|
sollu|2011-10-08|24|nyr-stl|2|2|5|2|879073266|1|1|
sollu|2011-10-08|25|cbj-njd|1|4|0|1|879071090|1|1|
sollu|2011-10-08|26|dal-was|1|5|1|1|879070984|1|1|
sollu|2011-10-08|27|fla-sjs|1|6|2|1|879070056|1|1|
sollu|2011-10-08|28|tbl-phx|2|4|3|1|879079434|-0.5|1|
sollu|2011-10-08|29|wpg-lak|1|7|0|1|879073898|1|1|
sollu|2011-10-08|30|car-ana|1|11|1|1|879088535|1|1|
