earlt|2011-10-22|76|mtl-col|2|1|4|2|879074846|1|1|
earlt|2011-10-22|77|cgy-ott|1|1|0|1|879073081|1|1|
earlt|2011-10-22|78|edm-buf|2|1|2|2|879079138|1|1|
earlt|2011-10-22|79|tor-min|2|1|2|2|879052167|1|1|
earlt|2011-10-22|80|bos-van|1|12|1|1|879074494|1|1|
earlt|2011-10-22|81|pit-nas|1|2|3|2|879072778|-0.5|1|
earlt|2011-10-22|82|stl-nyi|1|2|0|1|879076123|1|1|
earlt|2011-10-22|83|cbj-phi|1|6|0|1|879067457|1|1|
earlt|2011-10-22|84|chi-nyr|1|0|3|2|879073734|-0.5|1|
earlt|2011-10-22|85|njd-det|2|0|12|2|879071092|1|1|
earlt|2011-10-22|86|phx-was|1|5|5|X|879073050|-0.5|2|
earlt|2011-10-22|87|lak-fla|2|2|13|2|879072836|1|1|
earlt|2011-10-22|88|ana-tbl|2|2|6|2|879088536|1|1|
earlt|2011-10-22|89|wpg-dal|1|3|2|1|879073938|1|1|
cpalo|2011-10-22|76|mtl-col|1|1|4|2|879074846|-0.5|1|
cpalo|2011-10-22|77|cgy-ott|1|1|0|1|879073081|1|1|
cpalo|2011-10-22|78|edm-buf|X|1|2|2|879079138|-0.5|1|
cpalo|2011-10-22|79|tor-min|1|1|2|2|879052167|-0.5|1|
cpalo|2011-10-22|80|bos-van|2|12|1|1|879074494|-0.5|1|
cpalo|2011-10-22|81|pit-nas|1|2|3|2|879072778|-0.5|1|
cpalo|2011-10-22|82|stl-nyi|X|2|0|1|879076123|-0.5|1|
cpalo|2011-10-22|83|cbj-phi|2|6|0|1|879067457|-0.5|1|
cpalo|2011-10-22|84|chi-nyr|1|0|3|2|879073734|-0.5|1|
cpalo|2011-10-22|85|njd-det|X|0|12|2|879071092|-0.5|1|
cpalo|2011-10-22|86|phx-was|2|5|5|X|879073050|-0.5|2|
cpalo|2011-10-22|88|ana-tbl|1|2|6|2|879088536|-0.5|1|
cpalo|2011-10-22|89|wpg-dal|1|3|2|1|879073938|1|1|
cpalo|2011-10-22|90|car-sjs|2|4|3|1|879074796|-0.5|1|
sollu|2011-10-22|77|cgy-ott|1|1|0|1|879073081|1|1|
sollu|2011-10-22|78|edm-buf|2|1|2|2|879079138|1|1|
sollu|2011-10-22|79|tor-min|2|1|2|2|879052167|1|1|
sollu|2011-10-22|80|bos-van|1|12|1|1|879074494|1|1|
sollu|2011-10-22|81|pit-nas|2|2|3|2|879072778|1|1|
sollu|2011-10-22|82|stl-nyi|1|2|0|1|879076123|1|1|
sollu|2011-10-22|83|cbj-phi|1|6|0|1|879067457|1|1|
sollu|2011-10-22|84|chi-nyr|1|0|3|2|879073734|-0.5|1|
sollu|2011-10-22|85|njd-det|2|0|12|2|879071092|1|1|
sollu|2011-10-22|86|phx-was|1|5|5|X|879073050|-0.5|2|
sollu|2011-10-22|87|lak-fla|2|2|13|2|879072836|1|1|
sollu|2011-10-22|88|ana-tbl|2|2|6|2|879088536|1|1|
sollu|2011-10-22|89|wpg-dal|1|3|2|1|879073938|1|1|
sollu|2011-10-22|90|car-sjs|2|4|3|1|879074796|-0.5|1|
tomson|2011-10-22|76|mtl-col|2|1|4|2|879074846|1|1|
tomson|2011-10-22|77|cgy-ott|1|1|0|1|879073081|1|1|
tomson|2011-10-22|78|edm-buf|2|1|2|2|879079138|1|1|
tomson|2011-10-22|79|tor-min|1|1|2|2|879052167|-0.5|1|
tomson|2011-10-22|80|bos-van|1|12|1|1|879074494|1|1|
tomson|2011-10-22|82|stl-nyi|1|2|0|1|879076123|1|1|
tomson|2011-10-22|83|cbj-phi|1|6|0|1|879067457|1|1|
tomson|2011-10-22|84|chi-nyr|1|0|3|2|879073734|-0.5|1|
tomson|2011-10-22|85|njd-det|2|0|12|2|879071092|1|1|
tomson|2011-10-22|86|phx-was|2|5|5|X|879073050|-0.5|2|
tomson|2011-10-22|87|lak-fla|2|2|13|2|879072836|1|1|
tomson|2011-10-22|88|ana-tbl|1|2|6|2|879088536|-0.5|1|
tomson|2011-10-22|89|wpg-dal|1|3|2|1|879073938|1|1|
tomson|2011-10-22|90|car-sjs|1|4|3|1|879074796|1|1|
lordik13|2011-10-22|76|mtl-col|2|1|4|2|879074846|1|1|
lordik13|2011-10-22|77|cgy-ott|1|1|0|1|879073081|1|1|
lordik13|2011-10-22|78|edm-buf|2|1|2|2|879079138|1|1|
lordik13|2011-10-22|79|tor-min|2|1|2|2|879052167|1|1|
lordik13|2011-10-22|80|bos-van|1|12|1|1|879074494|1|1|
lordik13|2011-10-22|81|pit-nas|2|2|3|2|879072778|1|1|
lordik13|2011-10-22|83|cbj-phi|1|6|0|1|879067457|1|1|
lordik13|2011-10-22|84|chi-nyr|1|0|3|2|879073734|-0.5|1|
lordik13|2011-10-22|85|njd-det|2|0|12|2|879071092|1|1|
lordik13|2011-10-22|86|phx-was|2|5|5|X|879073050|-0.5|2|
lordik13|2011-10-22|87|lak-fla|2|2|13|2|879072836|1|1|
lordik13|2011-10-22|88|ana-tbl|2|2|6|2|879088536|1|1|
lordik13|2011-10-22|89|wpg-dal|1|3|2|1|879073938|1|1|
lordik13|2011-10-22|90|car-sjs|X|4|3|1|879074796|-0.5|1|
