zoidberg|2011-10-07|1|van-min|2|0|12|2|879070807|1|1|
zoidberg|2011-10-07|2|col-edm|1|8|0|1|879079719|1|1|
zoidberg|2011-10-07|3|mtl-bos|1|4|3|1|879112757|1|1|
zoidberg|2011-10-07|4|ott-tor|2|0|10|2|879088937|1|1|
zoidberg|2011-10-07|5|cgy-buf|2|0|2|2|879071958|1|1|
zoidberg|2011-10-07|6|det-chi|1|5|0|1|879073732|1|1|
zoidberg|2011-10-07|7|nas-cbj|X|2|1|1|879072714|-0.5|1|
zoidberg|2011-10-07|8|pit-njd|1|8|0|1|879077577|1|1|
zoidberg|2011-10-07|9|nyi-nyr|X|1|2|2|879110352|-0.5|1|
zoidberg|2011-10-07|10|stl-phi|1|10|0|1|879073265|1|1|
zoidberg|2011-10-07|11|sjs-dal|1|4|0|1|879063069|1|1|
zoidberg|2011-10-07|12|phx-ana|1|3|2|1|879091498|1|1|
zoidberg|2011-10-07|13|was-car|2|2|9|2|879074789|1|1|
zoidberg|2011-10-07|15|tbl-lak|2|0|3|2|879076075|1|1|
sllaby|2011-10-07|1|van-min|2|0|12|2|879070807|1|1|
sllaby|2011-10-07|2|col-edm|1|8|0|1|879079719|1|1|
sllaby|2011-10-07|3|mtl-bos|1|4|3|1|879112757|1|1|
sllaby|2011-10-07|4|ott-tor|2|0|10|2|879088937|1|1|
sllaby|2011-10-07|5|cgy-buf|2|0|2|2|879071958|1|1|
sllaby|2011-10-07|6|det-chi|1|5|0|1|879073732|1|1|
sllaby|2011-10-07|7|nas-cbj|1|2|1|1|879072714|1|1|
sllaby|2011-10-07|8|pit-njd|1|8|0|1|879077577|1|1|
sllaby|2011-10-07|9|nyi-nyr|2|1|2|2|879110352|1|1|
sllaby|2011-10-07|10|stl-phi|1|10|0|1|879073265|1|1|
sllaby|2011-10-07|11|sjs-dal|1|4|0|1|879063069|1|1|
sllaby|2011-10-07|13|was-car|2|2|9|2|879074789|1|1|
sllaby|2011-10-07|14|fla-wpg|1|2|2|X|879073897|-0.5|2|
sllaby|2011-10-07|15|tbl-lak|2|0|3|2|879076075|1|1|
cpalo|2011-10-07|1|van-min|1|0|12|2|879070807|-0.5|1|
cpalo|2011-10-07|2|col-edm|1|8|0|1|879079719|1|1|
cpalo|2011-10-07|3|mtl-bos|1|4|3|1|879112757|1|1|
cpalo|2011-10-07|4|ott-tor|1|0|10|2|879088937|-0.5|1|
cpalo|2011-10-07|5|cgy-buf|1|0|2|2|879071958|-0.5|1|
cpalo|2011-10-07|6|det-chi|1|5|0|1|879073732|1|1|
cpalo|2011-10-07|7|nas-cbj|1|2|1|1|879072714|1|1|
cpalo|2011-10-07|8|pit-njd|1|8|0|1|879077577|1|1|
cpalo|2011-10-07|9|nyi-nyr|1|1|2|2|879110352|-0.5|1|
cpalo|2011-10-07|10|stl-phi|1|10|0|1|879073265|1|1|
cpalo|2011-10-07|11|sjs-dal|1|4|0|1|879063069|1|1|
cpalo|2011-10-07|12|phx-ana|1|3|2|1|879091498|1|1|
cpalo|2011-10-07|13|was-car|2|2|9|2|879074789|1|1|
cpalo|2011-10-07|14|fla-wpg|2|2|2|X|879073897|-0.5|2|
lordik13|2011-10-07|1|van-min|2|0|12|2|879070807|1|1|
lordik13|2011-10-07|2|col-edm|1|8|0|1|879079719|1|1|
lordik13|2011-10-07|3|mtl-bos|1|4|3|1|879112757|1|1|
lordik13|2011-10-07|4|ott-tor|2|0|10|2|879088937|1|1|
lordik13|2011-10-07|5|cgy-buf|2|0|2|2|879071958|1|1|
lordik13|2011-10-07|6|det-chi|1|5|0|1|879073732|1|1|
lordik13|2011-10-07|7|nas-cbj|2|2|1|1|879072714|-0.5|1|
lordik13|2011-10-07|8|pit-njd|1|8|0|1|879077577|1|1|
lordik13|2011-10-07|9|nyi-nyr|X|1|2|2|879110352|-0.5|1|
lordik13|2011-10-07|11|sjs-dal|1|4|0|1|879063069|1|1|
lordik13|2011-10-07|12|phx-ana|1|3|2|1|879091498|1|1|
lordik13|2011-10-07|13|was-car|2|2|9|2|879074789|1|1|
lordik13|2011-10-07|14|fla-wpg|X|2|2|X|879073897|2|2|
lordik13|2011-10-07|15|tbl-lak|2|0|3|2|879076075|1|1|
trsto|2011-10-07|1|van-min|2|0|12|2|879070807|1|1|
trsto|2011-10-07|2|col-edm|1|8|0|1|879079719|1|1|
trsto|2011-10-07|3|mtl-bos|1|4|3|1|879112757|1|1|
trsto|2011-10-07|4|ott-tor|2|0|10|2|879088937|1|1|
trsto|2011-10-07|5|cgy-buf|2|0|2|2|879071958|1|1|
trsto|2011-10-07|6|det-chi|1|5|0|1|879073732|1|1|
trsto|2011-10-07|7|nas-cbj|1|2|1|1|879072714|1|1|
trsto|2011-10-07|9|nyi-nyr|2|1|2|2|879110352|1|1|
trsto|2011-10-07|10|stl-phi|1|10|0|1|879073265|1|1|
trsto|2011-10-07|11|sjs-dal|1|4|0|1|879063069|1|1|
trsto|2011-10-07|12|phx-ana|1|3|2|1|879091498|1|1|
trsto|2011-10-07|13|was-car|2|2|9|2|879074789|1|1|
trsto|2011-10-07|14|fla-wpg|2|2|2|X|879073897|-0.5|2|
trsto|2011-10-07|15|tbl-lak|2|0|3|2|879076075|1|1|
poprava|2011-10-07|1|van-min|2|0|12|2|879070807|1|1|
poprava|2011-10-07|2|col-edm|1|8|0|1|879079719|1|1|
poprava|2011-10-07|3|mtl-bos|1|4|3|1|879112757|1|1|
poprava|2011-10-07|4|ott-tor|2|0|10|2|879088937|1|1|
poprava|2011-10-07|5|cgy-buf|2|0|2|2|879071958|1|1|
poprava|2011-10-07|6|det-chi|1|5|0|1|879073732|1|1|
poprava|2011-10-07|7|nas-cbj|1|2|1|1|879072714|1|1|
poprava|2011-10-07|8|pit-njd|1|8|0|1|879077577|1|1|
poprava|2011-10-07|9|nyi-nyr|2|1|2|2|879110352|1|1|
poprava|2011-10-07|10|stl-phi|1|10|0|1|879073265|1|1|
poprava|2011-10-07|11|sjs-dal|1|4|0|1|879063069|1|1|
poprava|2011-10-07|12|phx-ana|1|3|2|1|879091498|1|1|
poprava|2011-10-07|14|fla-wpg|2|2|2|X|879073897|-0.5|2|
poprava|2011-10-07|15|tbl-lak|2|0|3|2|879076075|1|1|
sollu|2011-10-07|1|van-min|2|0|12|2|879070807|1|1|
sollu|2011-10-07|3|mtl-bos|1|4|3|1|879112757|1|1|
sollu|2011-10-07|4|ott-tor|2|0|10|2|879088937|1|1|
sollu|2011-10-07|5|cgy-buf|2|0|2|2|879071958|1|1|
sollu|2011-10-07|6|det-chi|1|5|0|1|879073732|1|1|
sollu|2011-10-07|7|nas-cbj|1|2|1|1|879072714|1|1|
sollu|2011-10-07|8|pit-njd|1|8|0|1|879077577|1|1|
sollu|2011-10-07|9|nyi-nyr|1|1|2|2|879110352|-0.5|1|
sollu|2011-10-07|10|stl-phi|1|10|0|1|879073265|1|1|
sollu|2011-10-07|11|sjs-dal|1|4|0|1|879063069|1|1|
sollu|2011-10-07|12|phx-ana|1|3|2|1|879091498|1|1|
sollu|2011-10-07|13|was-car|2|2|9|2|879074789|1|1|
sollu|2011-10-07|14|fla-wpg|2|2|2|X|879073897|-0.5|2|
sollu|2011-10-07|15|tbl-lak|2|0|3|2|879076075|1|1|
