pescalune|2011-11-12|166|mtl-cgy|1|5|0|1|879074849|1|1|
pescalune|2011-11-12|167|edm-ott|1|5|1|1|879081205|1|1|
pescalune|2011-11-12|168|min-buf|1|5|0|1|879071533|1|1|
pescalune|2011-11-12|169|tor-van|1|11|1|1|879081231|1|1|
pescalune|2011-11-12|170|bos-col|2|2|3|2|879074497|1|1|
pescalune|2011-11-12|171|pit-stl|2|2|2|X|879074739|-0.5|2|
pescalune|2011-11-12|172|nyi-cbj|1|3|4|2|879113765|-0.5|1|
pescalune|2011-11-12|173|chi-phi|1|7|0|1|879073738|1|1|
pescalune|2011-11-12|174|nyr-det|2|0|5|2|879051918|1|1|
pescalune|2011-11-12|175|njd-nas|2|0|7|2|879077580|1|1|
pescalune|2011-11-12|176|lak-was|X|6|3|1|879072840|-0.5|1|
pescalune|2011-11-12|177|ana-fla|2|1|12|2|879074508|1|1|
pescalune|2011-11-12|179|wpg-sjs|1|4|1|1|879073946|1|1|
pescalune|2011-11-12|180|car-phx|1|5|2|1|879075620|1|1|
lordik13|2011-11-12|166|mtl-cgy|X|5|0|1|879074849|-0.5|1|
lordik13|2011-11-12|167|edm-ott|2|5|1|1|879081205|-0.5|1|
lordik13|2011-11-12|168|min-buf|1|5|0|1|879071533|1|1|
lordik13|2011-11-12|169|tor-van|1|11|1|1|879081231|1|1|
lordik13|2011-11-12|170|bos-col|2|2|3|2|879074497|1|1|
lordik13|2011-11-12|172|nyi-cbj|1|3|4|2|879113765|-0.5|1|
lordik13|2011-11-12|173|chi-phi|X|7|0|1|879073738|-0.5|1|
lordik13|2011-11-12|174|nyr-det|2|0|5|2|879051918|1|1|
lordik13|2011-11-12|175|njd-nas|2|0|7|2|879077580|1|1|
lordik13|2011-11-12|176|lak-was|X|6|3|1|879072840|-0.5|1|
lordik13|2011-11-12|177|ana-fla|2|1|12|2|879074508|1|1|
lordik13|2011-11-12|178|dal-tbl|1|0|4|2|879076085|-0.5|1|
lordik13|2011-11-12|179|wpg-sjs|X|4|1|1|879073946|-0.5|1|
lordik13|2011-11-12|180|car-phx|1|5|2|1|879075620|1|1|
stipey|2011-11-12|166|mtl-cgy|1|5|0|1|879074849|1|1|
stipey|2011-11-12|167|edm-ott|1|5|1|1|879081205|1|1|
stipey|2011-11-12|168|min-buf|1|5|0|1|879071533|1|1|
stipey|2011-11-12|169|tor-van|1|11|1|1|879081231|1|1|
stipey|2011-11-12|170|bos-col|2|2|3|2|879074497|1|1|
stipey|2011-11-12|171|pit-stl|2|2|2|X|879074739|-0.5|2|
stipey|2011-11-12|173|chi-phi|1|7|0|1|879073738|1|1|
stipey|2011-11-12|174|nyr-det|2|0|5|2|879051918|1|1|
stipey|2011-11-12|175|njd-nas|2|0|7|2|879077580|1|1|
stipey|2011-11-12|176|lak-was|1|6|3|1|879072840|1|1|
stipey|2011-11-12|177|ana-fla|2|1|12|2|879074508|1|1|
stipey|2011-11-12|178|dal-tbl|1|0|4|2|879076085|-0.5|1|
stipey|2011-11-12|179|wpg-sjs|1|4|1|1|879073946|1|1|
stipey|2011-11-12|180|car-phx|1|5|2|1|879075620|1|1|
cpalo|2011-11-12|166|mtl-cgy|1|5|0|1|879074849|1|1|
cpalo|2011-11-12|167|edm-ott|1|5|1|1|879081205|1|1|
cpalo|2011-11-12|168|min-buf|2|5|0|1|879071533|-0.5|1|
cpalo|2011-11-12|169|tor-van|2|11|1|1|879081231|-0.5|1|
cpalo|2011-11-12|170|bos-col|2|2|3|2|879074497|1|1|
cpalo|2011-11-12|171|pit-stl|2|2|2|X|879074739|-0.5|2|
cpalo|2011-11-12|172|nyi-cbj|2|3|4|2|879113765|1|1|
cpalo|2011-11-12|173|chi-phi|X|7|0|1|879073738|-0.5|1|
cpalo|2011-11-12|174|nyr-det|1|0|5|2|879051918|-0.5|1|
cpalo|2011-11-12|175|njd-nas|X|0|7|2|879077580|-0.5|1|
cpalo|2011-11-12|177|ana-fla|2|1|12|2|879074508|1|1|
cpalo|2011-11-12|178|dal-tbl|2|0|4|2|879076085|1|1|
cpalo|2011-11-12|179|wpg-sjs|1|4|1|1|879073946|1|1|
cpalo|2011-11-12|180|car-phx|1|5|2|1|879075620|1|1|
