sollu|2011-10-09|31|phx-dal|1|4|3|1|879069650|1|1|
sollu|2011-10-09|32|sjs-lak|1|10|3|1|879072828|1|1|
sollu|2011-10-09|33|fla-car|1|7|3|1|879074790|1|1|
sollu|2011-10-09|34|was-tbl|2|6|1|1|879076076|-0.5|1|
sollu|2011-10-09|35|wpg-ana|1|12|0|1|879074500|1|1|
sollu|2011-10-09|37|nyi-min|2|1|6|2|879052094|1|1|
sollu|2011-10-09|38|pit-cgy|1|4|0|1|879072777|1|1|
sollu|2011-10-09|39|nyr-van|1|11|0|1|879070808|1|1|
sollu|2011-10-09|40|njd-edm|1|3|7|2|879080838|-0.5|1|
sollu|2011-10-09|41|stl-tor|2|1|1|X|879081227|-0.5|2|
sollu|2011-10-09|42|chi-buf|1|4|0|1|879110524|1|1|
sollu|2011-10-09|43|det-mtl|1|3|2|1|879074844|1|1|
sollu|2011-10-09|44|nas-bos|1|2|6|2|879074491|-0.5|1|
sollu|2011-10-09|45|cbj-ott|1|7|0|1|879071391|1|1|
lordik13|2011-10-09|31|phx-dal|1|4|3|1|879069650|1|1|
lordik13|2011-10-09|32|sjs-lak|1|10|3|1|879072828|1|1|
lordik13|2011-10-09|33|fla-car|X|7|3|1|879074790|-0.5|1|
lordik13|2011-10-09|34|was-tbl|1|6|1|1|879076076|1|1|
lordik13|2011-10-09|35|wpg-ana|1|12|0|1|879074500|1|1|
lordik13|2011-10-09|36|phi-col|2|1|4|2|879051924|1|1|
lordik13|2011-10-09|37|nyi-min|2|1|6|2|879052094|1|1|
lordik13|2011-10-09|38|pit-cgy|X|4|0|1|879072777|-0.5|1|
lordik13|2011-10-09|39|nyr-van|1|11|0|1|879070808|1|1|
lordik13|2011-10-09|40|njd-edm|2|3|7|2|879080838|1|1|
lordik13|2011-10-09|42|chi-buf|X|4|0|1|879110524|-0.5|1|
lordik13|2011-10-09|43|det-mtl|1|3|2|1|879074844|1|1|
lordik13|2011-10-09|44|nas-bos|2|2|6|2|879074491|1|1|
lordik13|2011-10-09|45|cbj-ott|1|7|0|1|879071391|1|1|
earlt|2011-10-09|31|phx-dal|1|4|3|1|879069650|1|1|
earlt|2011-10-09|33|fla-car|2|7|3|1|879074790|-0.5|1|
earlt|2011-10-09|34|was-tbl|1|6|1|1|879076076|1|1|
earlt|2011-10-09|35|wpg-ana|1|12|0|1|879074500|1|1|
earlt|2011-10-09|36|phi-col|2|1|4|2|879051924|1|1|
earlt|2011-10-09|37|nyi-min|2|1|6|2|879052094|1|1|
earlt|2011-10-09|38|pit-cgy|1|4|0|1|879072777|1|1|
earlt|2011-10-09|39|nyr-van|1|11|0|1|879070808|1|1|
earlt|2011-10-09|40|njd-edm|2|3|7|2|879080838|1|1|
earlt|2011-10-09|41|stl-tor|2|1|1|X|879081227|-0.5|2|
earlt|2011-10-09|42|chi-buf|1|4|0|1|879110524|1|1|
earlt|2011-10-09|43|det-mtl|1|3|2|1|879074844|1|1|
earlt|2011-10-09|44|nas-bos|2|2|6|2|879074491|1|1|
earlt|2011-10-09|45|cbj-ott|2|7|0|1|879071391|-0.5|1|
pescalune|2011-10-09|32|sjs-lak|1|10|3|1|879072828|1|1|
pescalune|2011-10-09|33|fla-car|2|7|3|1|879074790|-0.5|1|
pescalune|2011-10-09|34|was-tbl|1|6|1|1|879076076|1|1|
pescalune|2011-10-09|35|wpg-ana|1|12|0|1|879074500|1|1|
pescalune|2011-10-09|36|phi-col|2|1|4|2|879051924|1|1|
pescalune|2011-10-09|37|nyi-min|2|1|6|2|879052094|1|1|
pescalune|2011-10-09|38|pit-cgy|1|4|0|1|879072777|1|1|
pescalune|2011-10-09|39|nyr-van|1|11|0|1|879070808|1|1|
pescalune|2011-10-09|40|njd-edm|2|3|7|2|879080838|1|1|
pescalune|2011-10-09|41|stl-tor|X|1|1|X|879081227|2|2|
pescalune|2011-10-09|42|chi-buf|1|4|0|1|879110524|1|1|
pescalune|2011-10-09|43|det-mtl|1|3|2|1|879074844|1|1|
pescalune|2011-10-09|44|nas-bos|X|2|6|2|879074491|-0.5|1|
pescalune|2011-10-09|45|cbj-ott|1|7|0|1|879071391|1|1|
tomson|2011-10-09|31|phx-dal|1|4|3|1|879069650|1|1|
tomson|2011-10-09|32|sjs-lak|1|10|3|1|879072828|1|1|
tomson|2011-10-09|33|fla-car|2|7|3|1|879074790|-0.5|1|
tomson|2011-10-09|34|was-tbl|1|6|1|1|879076076|1|1|
tomson|2011-10-09|35|wpg-ana|1|12|0|1|879074500|1|1|
tomson|2011-10-09|36|phi-col|2|1|4|2|879051924|1|1|
tomson|2011-10-09|37|nyi-min|2|1|6|2|879052094|1|1|
tomson|2011-10-09|39|nyr-van|1|11|0|1|879070808|1|1|
tomson|2011-10-09|40|njd-edm|2|3|7|2|879080838|1|1|
tomson|2011-10-09|41|stl-tor|2|1|1|X|879081227|-0.5|2|
tomson|2011-10-09|42|chi-buf|1|4|0|1|879110524|1|1|
tomson|2011-10-09|43|det-mtl|1|3|2|1|879074844|1|1|
tomson|2011-10-09|44|nas-bos|1|2|6|2|879074491|-0.5|1|
tomson|2011-10-09|45|cbj-ott|1|7|0|1|879071391|1|1|
