earlt|2011-10-16|61|van-col|2|0|14|2|879070809|1|1|
earlt|2011-10-16|62|cgy-edm|2|4|1|1|879080773|-0.5|1|
earlt|2011-10-16|63|mtl-ott|1|5|0|1|879110119|1|1|
earlt|2011-10-16|64|buf-tor|2|0|3|2|879119993|1|1|
earlt|2011-10-16|65|bos-min|2|0|6|2|879074493|1|1|
earlt|2011-10-16|66|nas-det|2|1|7|2|879072716|1|1|
earlt|2011-10-16|67|stl-cbj|1|5|2|1|879073268|1|1|
earlt|2011-10-16|68|nyi-pit|2|3|2|1|879110353|-0.5|1|
earlt|2011-10-16|69|nyr-phi|1|4|0|1|879049021|1|1|
earlt|2011-10-16|70|chi-njd|1|14|0|1|879707549|1|1|
earlt|2011-10-16|72|lak-ana|1|5|1|1|879074502|1|1|
earlt|2011-10-16|73|was-fla|2|1|5|2|879074605|1|1|
earlt|2011-10-16|74|tbl-wpg|2|2|9|2|879076078|1|1|
earlt|2011-10-16|75|dal-car|2|0|5|2|879074794|1|1|
sollu|2011-10-16|62|cgy-edm|1|4|1|1|879080773|1|1|
sollu|2011-10-16|63|mtl-ott|1|5|0|1|879110119|1|1|
sollu|2011-10-16|64|buf-tor|2|0|3|2|879119993|1|1|
sollu|2011-10-16|65|bos-min|2|0|6|2|879074493|1|1|
sollu|2011-10-16|66|nas-det|2|1|7|2|879072716|1|1|
sollu|2011-10-16|67|stl-cbj|1|5|2|1|879073268|1|1|
sollu|2011-10-16|68|nyi-pit|1|3|2|1|879110353|1|1|
sollu|2011-10-16|69|nyr-phi|1|4|0|1|879049021|1|1|
sollu|2011-10-16|70|chi-njd|1|14|0|1|879707549|1|1|
sollu|2011-10-16|71|sjs-phx|1|4|0|1|879052045|1|1|
sollu|2011-10-16|72|lak-ana|1|5|1|1|879074502|1|1|
sollu|2011-10-16|73|was-fla|2|1|5|2|879074605|1|1|
sollu|2011-10-16|74|tbl-wpg|2|2|9|2|879076078|1|1|
sollu|2011-10-16|75|dal-car|2|0|5|2|879074794|1|1|
pescalune|2011-10-16|61|van-col|2|0|14|2|879070809|1|1|
pescalune|2011-10-16|62|cgy-edm|2|4|1|1|879080773|-0.5|1|
pescalune|2011-10-16|63|mtl-ott|1|5|0|1|879110119|1|1|
pescalune|2011-10-16|64|buf-tor|2|0|3|2|879119993|1|1|
pescalune|2011-10-16|65|bos-min|2|0|6|2|879074493|1|1|
pescalune|2011-10-16|66|nas-det|2|1|7|2|879072716|1|1|
pescalune|2011-10-16|67|stl-cbj|1|5|2|1|879073268|1|1|
pescalune|2011-10-16|68|nyi-pit|2|3|2|1|879110353|-0.5|1|
pescalune|2011-10-16|69|nyr-phi|1|4|0|1|879049021|1|1|
pescalune|2011-10-16|70|chi-njd|1|14|0|1|879707549|1|1|
pescalune|2011-10-16|71|sjs-phx|1|4|0|1|879052045|1|1|
pescalune|2011-10-16|72|lak-ana|1|5|1|1|879074502|1|1|
pescalune|2011-10-16|73|was-fla|2|1|5|2|879074605|1|1|
pescalune|2011-10-16|74|tbl-wpg|2|2|9|2|879076078|1|1|
tomson|2011-10-16|61|van-col|2|0|14|2|879070809|1|1|
tomson|2011-10-16|62|cgy-edm|2|4|1|1|879080773|-0.5|1|
tomson|2011-10-16|63|mtl-ott|1|5|0|1|879110119|1|1|
tomson|2011-10-16|64|buf-tor|2|0|3|2|879119993|1|1|
tomson|2011-10-16|65|bos-min|2|0|6|2|879074493|1|1|
tomson|2011-10-16|66|nas-det|2|1|7|2|879072716|1|1|
tomson|2011-10-16|67|stl-cbj|1|5|2|1|879073268|1|1|
tomson|2011-10-16|69|nyr-phi|1|4|0|1|879049021|1|1|
tomson|2011-10-16|70|chi-njd|1|14|0|1|879707549|1|1|
tomson|2011-10-16|71|sjs-phx|1|4|0|1|879052045|1|1|
tomson|2011-10-16|72|lak-ana|2|5|1|1|879074502|-0.5|1|
tomson|2011-10-16|73|was-fla|2|1|5|2|879074605|1|1|
tomson|2011-10-16|74|tbl-wpg|2|2|9|2|879076078|1|1|
tomson|2011-10-16|75|dal-car|2|0|5|2|879074794|1|1|
lordik13|2011-10-16|61|van-col|2|0|14|2|879070809|1|1|
lordik13|2011-10-16|62|cgy-edm|1|4|1|1|879080773|1|1|
lordik13|2011-10-16|63|mtl-ott|1|5|0|1|879110119|1|1|
lordik13|2011-10-16|64|buf-tor|2|0|3|2|879119993|1|1|
lordik13|2011-10-16|65|bos-min|2|0|6|2|879074493|1|1|
lordik13|2011-10-16|66|nas-det|2|1|7|2|879072716|1|1|
lordik13|2011-10-16|68|nyi-pit|2|3|2|1|879110353|-0.5|1|
lordik13|2011-10-16|69|nyr-phi|1|4|0|1|879049021|1|1|
lordik13|2011-10-16|70|chi-njd|1|14|0|1|879707549|1|1|
lordik13|2011-10-16|71|sjs-phx|1|4|0|1|879052045|1|1|
lordik13|2011-10-16|72|lak-ana|1|5|1|1|879074502|1|1|
lordik13|2011-10-16|73|was-fla|2|1|5|2|879074605|1|1|
lordik13|2011-10-16|74|tbl-wpg|2|2|9|2|879076078|1|1|
lordik13|2011-10-16|75|dal-car|2|0|5|2|879074794|1|1|
