tomson|2011-11-06|151|col-cgy|1|4|0|1|879071854|1|1|
tomson|2011-11-06|152|min-edm|1|2|0|1|879071070|1|1|
tomson|2011-11-06|153|ott-buf|2|0|11|2|879109051|1|1|
tomson|2011-11-06|154|bos-tor|2|2|4|2|879764505|1|1|
tomson|2011-11-06|155|van-mtl|1|0|7|2|879074848|-0.5|1|
tomson|2011-11-06|156|stl-wpg|2|5|2|1|879119965|-0.5|1|
tomson|2011-11-06|157|chi-fla|2|3|2|1|879073737|-0.5|1|
tomson|2011-11-06|158|det-car|2|2|3|2|879074800|1|1|
tomson|2011-11-06|159|nas-was|1|5|2|1|879072719|1|1|
tomson|2011-11-06|160|cbj-tbl|1|2|2|X|879081790|-0.5|2|
tomson|2011-11-06|161|phi-sjs|2|0|10|2|879052163|1|1|
tomson|2011-11-06|162|nyi-ana|2|7|0|1|879145386|-0.5|1|
tomson|2011-11-06|164|nyr-phx|1|2|1|1|879051276|1|1|
tomson|2011-11-06|165|njd-dal|1|2|4|2|879071094|-0.5|1|
lordik13|2011-11-06|151|col-cgy|1|4|0|1|879071854|1|1|
lordik13|2011-11-06|152|min-edm|1|2|0|1|879071070|1|1|
lordik13|2011-11-06|153|ott-buf|2|0|11|2|879109051|1|1|
lordik13|2011-11-06|154|bos-tor|2|2|4|2|879764505|1|1|
lordik13|2011-11-06|155|van-mtl|2|0|7|2|879074848|1|1|
lordik13|2011-11-06|157|chi-fla|2|3|2|1|879073737|-0.5|1|
lordik13|2011-11-06|158|det-car|X|2|3|2|879074800|-0.5|1|
lordik13|2011-11-06|159|nas-was|1|5|2|1|879072719|1|1|
lordik13|2011-11-06|160|cbj-tbl|1|2|2|X|879081790|-0.5|2|
lordik13|2011-11-06|161|phi-sjs|2|0|10|2|879052163|1|1|
lordik13|2011-11-06|162|nyi-ana|1|7|0|1|879145386|1|1|
lordik13|2011-11-06|163|pit-lak|2|3|3|X|879073389|-0.5|2|
lordik13|2011-11-06|164|nyr-phx|X|2|1|1|879051276|-0.5|1|
lordik13|2011-11-06|165|njd-dal|2|2|4|2|879071094|1|1|
stipey|2011-11-06|151|col-cgy|1|4|0|1|879071854|1|1|
stipey|2011-11-06|152|min-edm|1|2|0|1|879071070|1|1|
stipey|2011-11-06|153|ott-buf|1|0|11|2|879109051|-0.5|1|
stipey|2011-11-06|154|bos-tor|1|2|4|2|879764505|-0.5|1|
stipey|2011-11-06|155|van-mtl|1|0|7|2|879074848|-0.5|1|
stipey|2011-11-06|156|stl-wpg|2|5|2|1|879119965|-0.5|1|
stipey|2011-11-06|157|chi-fla|2|3|2|1|879073737|-0.5|1|
stipey|2011-11-06|158|det-car|1|2|3|2|879074800|-0.5|1|
stipey|2011-11-06|159|nas-was|1|5|2|1|879072719|1|1|
stipey|2011-11-06|160|cbj-tbl|1|2|2|X|879081790|-0.5|2|
stipey|2011-11-06|161|phi-sjs|2|0|10|2|879052163|1|1|
stipey|2011-11-06|163|pit-lak|1|3|3|X|879073389|-0.5|2|
stipey|2011-11-06|164|nyr-phx|1|2|1|1|879051276|1|1|
stipey|2011-11-06|165|njd-dal|2|2|4|2|879071094|1|1|
cpalo|2011-11-06|151|col-cgy|1|4|0|1|879071854|1|1|
cpalo|2011-11-06|152|min-edm|1|2|0|1|879071070|1|1|
cpalo|2011-11-06|153|ott-buf|X|0|11|2|879109051|-0.5|1|
cpalo|2011-11-06|154|bos-tor|2|2|4|2|879764505|1|1|
cpalo|2011-11-06|155|van-mtl|2|0|7|2|879074848|1|1|
cpalo|2011-11-06|156|stl-wpg|2|5|2|1|879119965|-0.5|1|
cpalo|2011-11-06|157|chi-fla|X|3|2|1|879073737|-0.5|1|
cpalo|2011-11-06|158|det-car|1|2|3|2|879074800|-0.5|1|
cpalo|2011-11-06|159|nas-was|1|5|2|1|879072719|1|1|
cpalo|2011-11-06|160|cbj-tbl|1|2|2|X|879081790|-0.5|2|
cpalo|2011-11-06|161|phi-sjs|1|0|10|2|879052163|-0.5|1|
cpalo|2011-11-06|162|nyi-ana|1|7|0|1|879145386|1|1|
cpalo|2011-11-06|164|nyr-phx|1|2|1|1|879051276|1|1|
cpalo|2011-11-06|165|njd-dal|X|2|4|2|879071094|-0.5|1|
sollu|2011-11-06|152|min-edm|1|2|0|1|879071070|1|1|
sollu|2011-11-06|153|ott-buf|2|0|11|2|879109051|1|1|
sollu|2011-11-06|154|bos-tor|2|2|4|2|879764505|1|1|
sollu|2011-11-06|155|van-mtl|2|0|7|2|879074848|1|1|
sollu|2011-11-06|156|stl-wpg|2|5|2|1|879119965|-0.5|1|
sollu|2011-11-06|157|chi-fla|2|3|2|1|879073737|-0.5|1|
sollu|2011-11-06|158|det-car|2|2|3|2|879074800|1|1|
sollu|2011-11-06|159|nas-was|1|5|2|1|879072719|1|1|
sollu|2011-11-06|160|cbj-tbl|1|2|2|X|879081790|-0.5|2|
sollu|2011-11-06|161|phi-sjs|2|0|10|2|879052163|1|1|
sollu|2011-11-06|162|nyi-ana|1|7|0|1|879145386|1|1|
sollu|2011-11-06|163|pit-lak|2|3|3|X|879073389|-0.5|2|
sollu|2011-11-06|164|nyr-phx|2|2|1|1|879051276|-0.5|1|
sollu|2011-11-06|165|njd-dal|2|2|4|2|879071094|1|1|
pescalune|2011-11-06|151|col-cgy|1|4|0|1|879071854|1|1|
pescalune|2011-11-06|152|min-edm|1|2|0|1|879071070|1|1|
pescalune|2011-11-06|153|ott-buf|2|0|11|2|879109051|1|1|
pescalune|2011-11-06|154|bos-tor|2|2|4|2|879764505|1|1|
pescalune|2011-11-06|155|van-mtl|2|0|7|2|879074848|1|1|
pescalune|2011-11-06|156|stl-wpg|2|5|2|1|879119965|-0.5|1|
pescalune|2011-11-06|157|chi-fla|2|3|2|1|879073737|-0.5|1|
pescalune|2011-11-06|158|det-car|2|2|3|2|879074800|1|1|
pescalune|2011-11-06|159|nas-was|1|5|2|1|879072719|1|1|
pescalune|2011-11-06|160|cbj-tbl|1|2|2|X|879081790|-0.5|2|
pescalune|2011-11-06|161|phi-sjs|2|0|10|2|879052163|1|1|
pescalune|2011-11-06|162|nyi-ana|1|7|0|1|879145386|1|1|
pescalune|2011-11-06|163|pit-lak|1|3|3|X|879073389|-0.5|2|
pescalune|2011-11-06|164|nyr-phx|2|2|1|1|879051276|-0.5|1|
