pescalune|2011-09-11|1009|pit-wpg|2|0|13|2|878901831|1|1|
pescalune|2011-09-11|1010|buf-tor|2|1|3|2|878903783|1|1|
pescalune|2011-09-11|1011|car-phi|1|6|1|1|878902230|1|1|
pescalune|2011-09-11|1012|nyi-fla|2|0|9|2|878904581|1|1|
pescalune|2011-09-11|1013|ana-col|2|1|16|2|878907500|1|1|
pescalune|2011-09-11|1014|nas-sjs|2|1|5|2|878906592|1|1|
pescalune|2011-09-11|1015|det-stl|2|2|0|1|878903856|-0.5|1|
pescalune|2011-09-11|1016|min-chi|1|6|4|1|878904131|1|1|
zoidberg|2011-09-11|1009|pit-wpg|2|0|13|2|878901831|1|1|
zoidberg|2011-09-11|1010|buf-tor|2|1|3|2|878903783|1|1|
zoidberg|2011-09-11|1011|car-phi|1|6|1|1|878902230|1|1|
zoidberg|2011-09-11|1013|ana-col|2|1|16|2|878907500|1|1|
zoidberg|2011-09-11|1014|nas-sjs|2|1|5|2|878906592|1|1|
zoidberg|2011-09-11|1015|det-stl|2|2|0|1|878903856|-0.5|1|
zoidberg|2011-09-11|1016|min-chi|1|6|4|1|878904131|1|1|
sollu|2011-09-11|1009|pit-wpg|2|0|13|2|878901831|1|1|
sollu|2011-09-11|1010|buf-tor|2|1|3|2|878903783|1|1|
sollu|2011-09-11|1011|car-phi|1|6|1|1|878902230|1|1|
sollu|2011-09-11|1012|nyi-fla|2|0|9|2|878904581|1|1|
sollu|2011-09-11|1014|nas-sjs|2|1|5|2|878906592|1|1|
sollu|2011-09-11|1015|det-stl|2|2|0|1|878903856|-0.5|1|
sollu|2011-09-11|1016|min-chi|1|6|4|1|878904131|1|1|
stipey|2011-09-11|1009|pit-wpg|2|0|13|2|878901831|1|1|
stipey|2011-09-11|1010|buf-tor|2|1|3|2|878903783|1|1|
stipey|2011-09-11|1011|car-phi|1|6|1|1|878902230|1|1|
stipey|2011-09-11|1013|ana-col|2|1|16|2|878907500|1|1|
stipey|2011-09-11|1014|nas-sjs|2|1|5|2|878906592|1|1|
stipey|2011-09-11|1015|det-stl|2|2|0|1|878903856|-0.5|1|
stipey|2011-09-11|1016|min-chi|1|6|4|1|878904131|1|1|
