stipey|2011-07-31|31|nas-cbj|1|1|1|X|878115474|-0.5|2|
stipey|2011-07-31|32|chi-det|1|2|4|2|878022732|-0.5|1|
stipey|2011-07-31|33|bos-tor|2|1|10|2|878231350|1|1|
stipey|2011-07-31|34|mtl-buf|1|2|2|X|878216861|-0.5|2|
stipey|2011-07-31|35|ott-stl|2|0|12|2|878118877|1|1|
stipey|2011-07-31|36|lak-phx|1|3|0|1|878167042|1|1|
stipey|2011-07-31|37|ana-sjs|2|2|5|2|878134459|1|1|
stipey|2011-07-31|39|njd-nyr|1|8|0|1|878115547|1|1|
stipey|2011-07-31|40|dal-phi|2|2|1|1|878120835|-0.5|1|
stipey|2011-07-31|41|col-min|1|4|2|1|878119026|1|1|
stipey|2011-07-31|42|edm-cgy|1|2|1|1|878781585|1|1|
stipey|2011-07-31|43|tbl-car|2|0|13|2|878168217|1|1|
stipey|2011-07-31|44|was-fla|2|2|13|2|878120113|1|1|
stipey|2011-07-31|45|wpg-van|1|13|0|1|878212280|1|1|
noel|2011-07-31|31|nas-cbj|1|1|1|X|878115474|-0.5|2|
noel|2011-07-31|32|chi-det|1|2|4|2|878022732|-0.5|1|
noel|2011-07-31|33|bos-tor|2|1|10|2|878231350|1|1|
noel|2011-07-31|34|mtl-buf|1|2|2|X|878216861|-0.5|2|
noel|2011-07-31|35|ott-stl|2|0|12|2|878118877|1|1|
noel|2011-07-31|36|lak-phx|1|3|0|1|878167042|1|1|
noel|2011-07-31|37|ana-sjs|1|2|5|2|878134459|-0.5|1|
noel|2011-07-31|38|nyi-pit|1|1|0|1|878138475|1|1|
noel|2011-07-31|39|njd-nyr|1|8|0|1|878115547|1|1|
noel|2011-07-31|41|col-min|1|4|2|1|878119026|1|1|
noel|2011-07-31|42|edm-cgy|1|2|1|1|878781585|1|1|
noel|2011-07-31|43|tbl-car|2|0|13|2|878168217|1|1|
noel|2011-07-31|44|was-fla|2|2|13|2|878120113|1|1|
noel|2011-07-31|45|wpg-van|1|13|0|1|878212280|1|1|
trsto|2011-07-31|31|nas-cbj|1|1|1|X|878115474|-0.5|2|
trsto|2011-07-31|32|chi-det|1|2|4|2|878022732|-0.5|1|
trsto|2011-07-31|33|bos-tor|2|1|10|2|878231350|1|1|
trsto|2011-07-31|34|mtl-buf|1|2|2|X|878216861|-0.5|2|
trsto|2011-07-31|35|ott-stl|2|0|12|2|878118877|1|1|
trsto|2011-07-31|36|lak-phx|1|3|0|1|878167042|1|1|
trsto|2011-07-31|37|ana-sjs|2|2|5|2|878134459|1|1|
trsto|2011-07-31|38|nyi-pit|1|1|0|1|878138475|1|1|
trsto|2011-07-31|40|dal-phi|2|2|1|1|878120835|-0.5|1|
trsto|2011-07-31|41|col-min|1|4|2|1|878119026|1|1|
trsto|2011-07-31|42|edm-cgy|1|2|1|1|878781585|1|1|
trsto|2011-07-31|43|tbl-car|2|0|13|2|878168217|1|1|
trsto|2011-07-31|44|was-fla|2|2|13|2|878120113|1|1|
trsto|2011-07-31|45|wpg-van|1|13|0|1|878212280|1|1|
pescalune|2011-07-31|31|nas-cbj|1|1|1|X|878115474|-0.5|2|
pescalune|2011-07-31|32|chi-det|1|2|4|2|878022732|-0.5|1|
pescalune|2011-07-31|33|bos-tor|2|1|10|2|878231350|1|1|
pescalune|2011-07-31|34|mtl-buf|1|2|2|X|878216861|-0.5|2|
pescalune|2011-07-31|35|ott-stl|2|0|12|2|878118877|1|1|
pescalune|2011-07-31|36|lak-phx|1|3|0|1|878167042|1|1|
pescalune|2011-07-31|37|ana-sjs|X|2|5|2|878134459|-0.5|1|
pescalune|2011-07-31|38|nyi-pit|1|1|0|1|878138475|1|1|
pescalune|2011-07-31|39|njd-nyr|1|8|0|1|878115547|1|1|
pescalune|2011-07-31|41|col-min|1|4|2|1|878119026|1|1|
pescalune|2011-07-31|42|edm-cgy|1|2|1|1|878781585|1|1|
pescalune|2011-07-31|43|tbl-car|2|0|13|2|878168217|1|1|
pescalune|2011-07-31|44|was-fla|2|2|13|2|878120113|1|1|
pescalune|2011-07-31|45|wpg-van|1|13|0|1|878212280|1|1|
zoidberg|2011-07-31|31|nas-cbj|1|1|1|X|878115474|-0.5|2|
zoidberg|2011-07-31|33|bos-tor|2|1|10|2|878231350|1|1|
zoidberg|2011-07-31|34|mtl-buf|1|2|2|X|878216861|-0.5|2|
zoidberg|2011-07-31|35|ott-stl|2|0|12|2|878118877|1|1|
zoidberg|2011-07-31|36|lak-phx|1|3|0|1|878167042|1|1|
zoidberg|2011-07-31|38|nyi-pit|1|1|0|1|878138475|1|1|
zoidberg|2011-07-31|39|njd-nyr|1|8|0|1|878115547|1|1|
zoidberg|2011-07-31|40|dal-phi|2|2|1|1|878120835|-0.5|1|
zoidberg|2011-07-31|41|col-min|1|4|2|1|878119026|1|1|
zoidberg|2011-07-31|42|edm-cgy|1|2|1|1|878781585|1|1|
zoidberg|2011-07-31|43|tbl-car|2|0|13|2|878168217|1|1|
zoidberg|2011-07-31|45|wpg-van|1|13|0|1|878212280|1|1|
earlt|2011-07-31|31|nas-cbj|1|1|1|X|878115474|-0.5|2|
earlt|2011-07-31|32|chi-det|1|2|4|2|878022732|-0.5|1|
earlt|2011-07-31|33|bos-tor|2|1|10|2|878231350|1|1|
earlt|2011-07-31|34|mtl-buf|1|2|2|X|878216861|-0.5|2|
earlt|2011-07-31|35|ott-stl|2|0|12|2|878118877|1|1|
earlt|2011-07-31|36|lak-phx|1|3|0|1|878167042|1|1|
earlt|2011-07-31|38|nyi-pit|2|1|0|1|878138475|-0.5|1|
earlt|2011-07-31|39|njd-nyr|1|8|0|1|878115547|1|1|
earlt|2011-07-31|40|dal-phi|2|2|1|1|878120835|-0.5|1|
earlt|2011-07-31|41|col-min|1|4|2|1|878119026|1|1|
earlt|2011-07-31|42|edm-cgy|1|2|1|1|878781585|1|1|
earlt|2011-07-31|43|tbl-car|2|0|13|2|878168217|1|1|
earlt|2011-07-31|44|was-fla|2|2|13|2|878120113|1|1|
earlt|2011-07-31|45|wpg-van|1|13|0|1|878212280|1|1|
sollu|2011-07-31|31|nas-cbj|1|1|1|X|878115474|-0.5|2|
sollu|2011-07-31|32|chi-det|1|2|4|2|878022732|-0.5|1|
sollu|2011-07-31|33|bos-tor|2|1|10|2|878231350|1|1|
sollu|2011-07-31|34|mtl-buf|2|2|2|X|878216861|-0.5|2|
sollu|2011-07-31|35|ott-stl|2|0|12|2|878118877|1|1|
sollu|2011-07-31|36|lak-phx|1|3|0|1|878167042|1|1|
sollu|2011-07-31|37|ana-sjs|1|2|5|2|878134459|-0.5|1|
sollu|2011-07-31|38|nyi-pit|1|1|0|1|878138475|1|1|
sollu|2011-07-31|39|njd-nyr|1|8|0|1|878115547|1|1|
sollu|2011-07-31|40|dal-phi|2|2|1|1|878120835|-0.5|1|
sollu|2011-07-31|42|edm-cgy|1|2|1|1|878781585|1|1|
sollu|2011-07-31|43|tbl-car|2|0|13|2|878168217|1|1|
sollu|2011-07-31|44|was-fla|2|2|13|2|878120113|1|1|
sollu|2011-07-31|45|wpg-van|1|13|0|1|878212280|1|1|
