noel|2011-09-18|1021|car-wpg|2|4|3|1|878918632|-0.5|1|
noel|2011-09-18|1022|fla-tor|1|8|3|1|878918858|1|1|
noel|2011-09-18|1023|det-col|2|3|5|2|878930471|1|1|
noel|2011-09-18|1024|min-sjs|2|1|6|2|878918327|1|1|
pescalune|2011-09-18|1021|car-wpg|2|4|3|1|878918632|-0.5|1|
pescalune|2011-09-18|1022|fla-tor|1|8|3|1|878918858|1|1|
pescalune|2011-09-18|1023|det-col|2|3|5|2|878930471|1|1|
pescalune|2011-09-18|1024|min-sjs|2|1|6|2|878918327|1|1|
sollu|2011-09-18|1021|car-wpg|2|4|3|1|878918632|-0.5|1|
sollu|2011-09-18|1022|fla-tor|1|8|3|1|878918858|1|1|
sollu|2011-09-18|1024|min-sjs|2|1|6|2|878918327|1|1|
