earlt|2011-08-13|77|ana-lak|1|7|0|1|878167043|1|1|
earlt|2011-08-13|78|phi-nyr|1|9|0|1|878115647|1|1|
earlt|2011-08-13|79|njd-nyi|1|0|13|2|878122777|-0.5|1|
earlt|2011-08-13|80|phx-pit|2|2|10|2|878138472|1|1|
earlt|2011-08-13|81|tor-col|2|4|3|1|878120059|-0.5|1|
earlt|2011-08-13|82|mtl-min|2|0|7|2|878123656|1|1|
earlt|2011-08-13|83|bos-edm|1|3|2|1|878789364|1|1|
earlt|2011-08-13|84|buf-van|1|6|1|1|878245395|1|1|
earlt|2011-08-13|85|ott-cgy|2|0|7|2|878121721|1|1|
earlt|2011-08-13|86|stl-car|2|2|2|X|878118938|-0.5|2|
earlt|2011-08-13|87|det-wpg|2|2|5|2|878119498|1|1|
earlt|2011-08-13|88|chi-fla|2|2|7|2|878123842|1|1|
earlt|2011-08-13|89|nas-tbl|1|8|0|1|878163748|1|1|
earlt|2011-08-13|90|cbj-was|1|2|0|1|878116842|1|1|
noel|2011-08-13|76|dal-sjs|2|1|6|2|878120750|1|1|
noel|2011-08-13|77|ana-lak|1|7|0|1|878167043|1|1|
noel|2011-08-13|79|njd-nyi|2|0|13|2|878122777|1|1|
noel|2011-08-13|80|phx-pit|2|2|10|2|878138472|1|1|
noel|2011-08-13|81|tor-col|2|4|3|1|878120059|-0.5|1|
noel|2011-08-13|82|mtl-min|2|0|7|2|878123656|1|1|
noel|2011-08-13|83|bos-edm|2|3|2|1|878789364|-0.5|1|
noel|2011-08-13|84|buf-van|1|6|1|1|878245395|1|1|
noel|2011-08-13|85|ott-cgy|2|0|7|2|878121721|1|1|
noel|2011-08-13|86|stl-car|2|2|2|X|878118938|-0.5|2|
noel|2011-08-13|87|det-wpg|2|2|5|2|878119498|1|1|
noel|2011-08-13|88|chi-fla|2|2|7|2|878123842|1|1|
noel|2011-08-13|89|nas-tbl|1|8|0|1|878163748|1|1|
noel|2011-08-13|90|cbj-was|1|2|0|1|878116842|1|1|
stipey|2011-08-13|76|dal-sjs|2|1|6|2|878120750|1|1|
stipey|2011-08-13|77|ana-lak|1|7|0|1|878167043|1|1|
stipey|2011-08-13|78|phi-nyr|1|9|0|1|878115647|1|1|
stipey|2011-08-13|80|phx-pit|2|2|10|2|878138472|1|1|
stipey|2011-08-13|81|tor-col|2|4|3|1|878120059|-0.5|1|
stipey|2011-08-13|82|mtl-min|2|0|7|2|878123656|1|1|
stipey|2011-08-13|83|bos-edm|1|3|2|1|878789364|1|1|
stipey|2011-08-13|84|buf-van|1|6|1|1|878245395|1|1|
stipey|2011-08-13|85|ott-cgy|2|0|7|2|878121721|1|1|
stipey|2011-08-13|86|stl-car|2|2|2|X|878118938|-0.5|2|
stipey|2011-08-13|87|det-wpg|2|2|5|2|878119498|1|1|
stipey|2011-08-13|88|chi-fla|2|2|7|2|878123842|1|1|
stipey|2011-08-13|89|nas-tbl|1|8|0|1|878163748|1|1|
stipey|2011-08-13|90|cbj-was|1|2|0|1|878116842|1|1|
pescalune|2011-08-13|77|ana-lak|1|7|0|1|878167043|1|1|
pescalune|2011-08-13|78|phi-nyr|1|9|0|1|878115647|1|1|
pescalune|2011-08-13|79|njd-nyi|2|0|13|2|878122777|1|1|
pescalune|2011-08-13|80|phx-pit|2|2|10|2|878138472|1|1|
pescalune|2011-08-13|81|tor-col|2|4|3|1|878120059|-0.5|1|
pescalune|2011-08-13|82|mtl-min|2|0|7|2|878123656|1|1|
pescalune|2011-08-13|83|bos-edm|2|3|2|1|878789364|-0.5|1|
pescalune|2011-08-13|84|buf-van|1|6|1|1|878245395|1|1|
pescalune|2011-08-13|85|ott-cgy|2|0|7|2|878121721|1|1|
pescalune|2011-08-13|86|stl-car|2|2|2|X|878118938|-0.5|2|
pescalune|2011-08-13|87|det-wpg|2|2|5|2|878119498|1|1|
pescalune|2011-08-13|88|chi-fla|2|2|7|2|878123842|1|1|
pescalune|2011-08-13|89|nas-tbl|1|8|0|1|878163748|1|1|
pescalune|2011-08-13|90|cbj-was|1|2|0|1|878116842|1|1|
zoidberg|2011-08-13|76|dal-sjs|2|1|6|2|878120750|1|1|
zoidberg|2011-08-13|77|ana-lak|1|7|0|1|878167043|1|1|
zoidberg|2011-08-13|78|phi-nyr|1|9|0|1|878115647|1|1|
zoidberg|2011-08-13|79|njd-nyi|2|0|13|2|878122777|1|1|
zoidberg|2011-08-13|80|phx-pit|2|2|10|2|878138472|1|1|
zoidberg|2011-08-13|81|tor-col|2|4|3|1|878120059|-0.5|1|
zoidberg|2011-08-13|82|mtl-min|2|0|7|2|878123656|1|1|
zoidberg|2011-08-13|83|bos-edm|2|3|2|1|878789364|-0.5|1|
zoidberg|2011-08-13|84|buf-van|1|6|1|1|878245395|1|1|
zoidberg|2011-08-13|85|ott-cgy|2|0|7|2|878121721|1|1|
zoidberg|2011-08-13|86|stl-car|2|2|2|X|878118938|-0.5|2|
zoidberg|2011-08-13|87|det-wpg|2|2|5|2|878119498|1|1|
zoidberg|2011-08-13|89|nas-tbl|1|8|0|1|878163748|1|1|
zoidberg|2011-08-13|90|cbj-was|1|2|0|1|878116842|1|1|
sollu|2011-08-13|76|dal-sjs|2|1|6|2|878120750|1|1|
sollu|2011-08-13|77|ana-lak|1|7|0|1|878167043|1|1|
sollu|2011-08-13|78|phi-nyr|1|9|0|1|878115647|1|1|
sollu|2011-08-13|79|njd-nyi|2|0|13|2|878122777|1|1|
sollu|2011-08-13|80|phx-pit|2|2|10|2|878138472|1|1|
sollu|2011-08-13|82|mtl-min|2|0|7|2|878123656|1|1|
sollu|2011-08-13|83|bos-edm|1|3|2|1|878789364|1|1|
sollu|2011-08-13|84|buf-van|1|6|1|1|878245395|1|1|
sollu|2011-08-13|85|ott-cgy|2|0|7|2|878121721|1|1|
sollu|2011-08-13|86|stl-car|X|2|2|X|878118938|2|2|
sollu|2011-08-13|87|det-wpg|2|2|5|2|878119498|1|1|
sollu|2011-08-13|88|chi-fla|2|2|7|2|878123842|1|1|
sollu|2011-08-13|89|nas-tbl|1|8|0|1|878163748|1|1|
sollu|2011-08-13|90|cbj-was|1|2|0|1|878116842|1|1|
