noel|2011-08-28|151|nas-det|2|1|5|2|878112984|1|1|
noel|2011-08-28|152|stl-cbj|1|8|0|1|878117186|1|1|
noel|2011-08-28|153|bos-buf|2|0|8|2|878810819|1|1|
noel|2011-08-28|154|ott-tor|2|0|5|2|878120061|1|1|
noel|2011-08-28|155|chi-mtl|1|5|1|1|878840477|1|1|
noel|2011-08-28|156|lak-sjs|2|1|11|2|878123408|1|1|
noel|2011-08-28|157|dal-phx|1|1|3|2|878119986|-0.5|1|
noel|2011-08-28|158|nyi-nyr|1|4|1|1|878118208|1|1|
noel|2011-08-28|160|ana-njd|1|4|1|1|878134526|1|1|
noel|2011-08-28|161|col-cgy|1|12|0|1|878121725|1|1|
noel|2011-08-28|162|van-min|2|1|4|2|878212281|1|1|
noel|2011-08-28|163|tbl-fla|2|0|16|2|878211792|1|1|
noel|2011-08-28|164|wpg-car|1|3|3|X|878118939|-0.5|2|
noel|2011-08-28|165|was-edm|2|5|1|1|878120932|-0.5|1|
earlt|2011-08-28|151|nas-det|2|1|5|2|878112984|1|1|
earlt|2011-08-28|152|stl-cbj|1|8|0|1|878117186|1|1|
earlt|2011-08-28|153|bos-buf|2|0|8|2|878810819|1|1|
earlt|2011-08-28|154|ott-tor|2|0|5|2|878120061|1|1|
earlt|2011-08-28|155|chi-mtl|1|5|1|1|878840477|1|1|
earlt|2011-08-28|157|dal-phx|1|1|3|2|878119986|-0.5|1|
earlt|2011-08-28|158|nyi-nyr|1|4|1|1|878118208|1|1|
earlt|2011-08-28|159|phi-pit|1|7|3|1|878173416|1|1|
earlt|2011-08-28|160|ana-njd|1|4|1|1|878134526|1|1|
earlt|2011-08-28|161|col-cgy|1|12|0|1|878121725|1|1|
earlt|2011-08-28|162|van-min|2|1|4|2|878212281|1|1|
earlt|2011-08-28|163|tbl-fla|2|0|16|2|878211792|1|1|
earlt|2011-08-28|164|wpg-car|1|3|3|X|878118939|-0.5|2|
earlt|2011-08-28|165|was-edm|2|5|1|1|878120932|-0.5|1|
cpalo|2011-08-28|151|nas-det|1|1|5|2|878112984|-0.5|1|
cpalo|2011-08-28|152|stl-cbj|1|8|0|1|878117186|1|1|
cpalo|2011-08-28|153|bos-buf|X|0|8|2|878810819|-0.5|1|
cpalo|2011-08-28|154|ott-tor|X|0|5|2|878120061|-0.5|1|
cpalo|2011-08-28|155|chi-mtl|X|5|1|1|878840477|-0.5|1|
cpalo|2011-08-28|157|dal-phx|2|1|3|2|878119986|1|1|
cpalo|2011-08-28|158|nyi-nyr|2|4|1|1|878118208|-0.5|1|
cpalo|2011-08-28|159|phi-pit|2|7|3|1|878173416|-0.5|1|
cpalo|2011-08-28|160|ana-njd|X|4|1|1|878134526|-0.5|1|
cpalo|2011-08-28|161|col-cgy|1|12|0|1|878121725|1|1|
cpalo|2011-08-28|162|van-min|1|1|4|2|878212281|-0.5|1|
cpalo|2011-08-28|163|tbl-fla|X|0|16|2|878211792|-0.5|1|
cpalo|2011-08-28|164|wpg-car|2|3|3|X|878118939|-0.5|2|
cpalo|2011-08-28|165|was-edm|2|5|1|1|878120932|-0.5|1|
pescalune|2011-08-28|151|nas-det|2|1|5|2|878112984|1|1|
pescalune|2011-08-28|152|stl-cbj|1|8|0|1|878117186|1|1|
pescalune|2011-08-28|153|bos-buf|2|0|8|2|878810819|1|1|
pescalune|2011-08-28|154|ott-tor|2|0|5|2|878120061|1|1|
pescalune|2011-08-28|155|chi-mtl|1|5|1|1|878840477|1|1|
pescalune|2011-08-28|156|lak-sjs|2|1|11|2|878123408|1|1|
pescalune|2011-08-28|158|nyi-nyr|1|4|1|1|878118208|1|1|
pescalune|2011-08-28|159|phi-pit|1|7|3|1|878173416|1|1|
pescalune|2011-08-28|160|ana-njd|1|4|1|1|878134526|1|1|
pescalune|2011-08-28|161|col-cgy|1|12|0|1|878121725|1|1|
pescalune|2011-08-28|162|van-min|2|1|4|2|878212281|1|1|
pescalune|2011-08-28|163|tbl-fla|2|0|16|2|878211792|1|1|
pescalune|2011-08-28|164|wpg-car|1|3|3|X|878118939|-0.5|2|
pescalune|2011-08-28|165|was-edm|2|5|1|1|878120932|-0.5|1|
sollu|2011-08-28|151|nas-det|2|1|5|2|878112984|1|1|
sollu|2011-08-28|152|stl-cbj|1|8|0|1|878117186|1|1|
sollu|2011-08-28|153|bos-buf|2|0|8|2|878810819|1|1|
sollu|2011-08-28|154|ott-tor|2|0|5|2|878120061|1|1|
sollu|2011-08-28|155|chi-mtl|1|5|1|1|878840477|1|1|
sollu|2011-08-28|156|lak-sjs|2|1|11|2|878123408|1|1|
sollu|2011-08-28|157|dal-phx|1|1|3|2|878119986|-0.5|1|
sollu|2011-08-28|158|nyi-nyr|1|4|1|1|878118208|1|1|
sollu|2011-08-28|159|phi-pit|1|7|3|1|878173416|1|1|
sollu|2011-08-28|160|ana-njd|1|4|1|1|878134526|1|1|
sollu|2011-08-28|162|van-min|2|1|4|2|878212281|1|1|
sollu|2011-08-28|163|tbl-fla|2|0|16|2|878211792|1|1|
sollu|2011-08-28|164|wpg-car|2|3|3|X|878118939|-0.5|2|
sollu|2011-08-28|165|was-edm|X|5|1|1|878120932|-0.5|1|
stipey|2011-08-28|151|nas-det|2|1|5|2|878112984|1|1|
stipey|2011-08-28|152|stl-cbj|1|8|0|1|878117186|1|1|
stipey|2011-08-28|153|bos-buf|2|0|8|2|878810819|1|1|
stipey|2011-08-28|154|ott-tor|2|0|5|2|878120061|1|1|
stipey|2011-08-28|155|chi-mtl|1|5|1|1|878840477|1|1|
stipey|2011-08-28|156|lak-sjs|2|1|11|2|878123408|1|1|
stipey|2011-08-28|157|dal-phx|1|1|3|2|878119986|-0.5|1|
stipey|2011-08-28|159|phi-pit|1|7|3|1|878173416|1|1|
stipey|2011-08-28|160|ana-njd|1|4|1|1|878134526|1|1|
stipey|2011-08-28|161|col-cgy|1|12|0|1|878121725|1|1|
stipey|2011-08-28|162|van-min|2|1|4|2|878212281|1|1|
stipey|2011-08-28|163|tbl-fla|2|0|16|2|878211792|1|1|
stipey|2011-08-28|164|wpg-car|1|3|3|X|878118939|-0.5|2|
stipey|2011-08-28|165|was-edm|2|5|1|1|878120932|-0.5|1|
