earlt|2011-08-21|121|stl-det|1|1|0|1|878025205|1|1|
earlt|2011-08-21|122|chi-nas|1|3|2|1|878123844|1|1|
earlt|2011-08-21|123|ott-buf|2|0|8|2|878121384|1|1|
earlt|2011-08-21|124|mtl-bos|1|5|1|1|878837006|1|1|
earlt|2011-08-21|125|tor-cbj|1|5|0|1|878120060|1|1|
earlt|2011-08-21|126|njd-car|2|0|12|2|878134681|1|1|
earlt|2011-08-21|127|phi-wpg|2|1|4|2|878120837|1|1|
earlt|2011-08-21|128|nyi-fla|2|0|3|2|878118207|1|1|
earlt|2011-08-21|129|pit-tbl|1|4|3|1|878164396|1|1|
earlt|2011-08-21|130|nyr-was|1|5|3|1|878116845|1|1|
earlt|2011-08-21|131|col-ana|1|12|0|1|878134465|1|1|
earlt|2011-08-21|133|edm-lak|1|1|11|2|878781688|-0.5|1|
earlt|2011-08-21|134|van-dal|2|1|4|2|878217830|1|1|
earlt|2011-08-21|135|cgy-phx|2|2|3|2|878781166|1|1|
stipey|2011-08-21|121|stl-det|1|1|0|1|878025205|1|1|
stipey|2011-08-21|122|chi-nas|1|3|2|1|878123844|1|1|
stipey|2011-08-21|123|ott-buf|2|0|8|2|878121384|1|1|
stipey|2011-08-21|124|mtl-bos|1|5|1|1|878837006|1|1|
stipey|2011-08-21|125|tor-cbj|1|5|0|1|878120060|1|1|
stipey|2011-08-21|126|njd-car|2|0|12|2|878134681|1|1|
stipey|2011-08-21|127|phi-wpg|2|1|4|2|878120837|1|1|
stipey|2011-08-21|129|pit-tbl|1|4|3|1|878164396|1|1|
stipey|2011-08-21|130|nyr-was|2|5|3|1|878116845|-0.5|1|
stipey|2011-08-21|131|col-ana|1|12|0|1|878134465|1|1|
stipey|2011-08-21|132|min-sjs|2|4|4|X|878115625|-0.5|2|
stipey|2011-08-21|133|edm-lak|2|1|11|2|878781688|1|1|
stipey|2011-08-21|134|van-dal|2|1|4|2|878217830|1|1|
stipey|2011-08-21|135|cgy-phx|1|2|3|2|878781166|-0.5|1|
noel|2011-08-21|121|stl-det|1|1|0|1|878025205|1|1|
noel|2011-08-21|122|chi-nas|1|3|2|1|878123844|1|1|
noel|2011-08-21|123|ott-buf|2|0|8|2|878121384|1|1|
noel|2011-08-21|124|mtl-bos|1|5|1|1|878837006|1|1|
noel|2011-08-21|125|tor-cbj|1|5|0|1|878120060|1|1|
noel|2011-08-21|126|njd-car|2|0|12|2|878134681|1|1|
noel|2011-08-21|128|nyi-fla|2|0|3|2|878118207|1|1|
noel|2011-08-21|129|pit-tbl|1|4|3|1|878164396|1|1|
noel|2011-08-21|130|nyr-was|1|5|3|1|878116845|1|1|
noel|2011-08-21|131|col-ana|1|12|0|1|878134465|1|1|
noel|2011-08-21|132|min-sjs|2|4|4|X|878115625|-0.5|2|
noel|2011-08-21|133|edm-lak|2|1|11|2|878781688|1|1|
noel|2011-08-21|134|van-dal|2|1|4|2|878217830|1|1|
noel|2011-08-21|135|cgy-phx|1|2|3|2|878781166|-0.5|1|
sollu|2011-08-21|121|stl-det|1|1|0|1|878025205|1|1|
sollu|2011-08-21|122|chi-nas|1|3|2|1|878123844|1|1|
sollu|2011-08-21|123|ott-buf|2|0|8|2|878121384|1|1|
sollu|2011-08-21|124|mtl-bos|1|5|1|1|878837006|1|1|
sollu|2011-08-21|125|tor-cbj|1|5|0|1|878120060|1|1|
sollu|2011-08-21|126|njd-car|2|0|12|2|878134681|1|1|
sollu|2011-08-21|127|phi-wpg|2|1|4|2|878120837|1|1|
sollu|2011-08-21|128|nyi-fla|2|0|3|2|878118207|1|1|
sollu|2011-08-21|129|pit-tbl|1|4|3|1|878164396|1|1|
sollu|2011-08-21|130|nyr-was|X|5|3|1|878116845|-0.5|1|
sollu|2011-08-21|132|min-sjs|X|4|4|X|878115625|2|2|
sollu|2011-08-21|133|edm-lak|2|1|11|2|878781688|1|1|
sollu|2011-08-21|134|van-dal|2|1|4|2|878217830|1|1|
sollu|2011-08-21|135|cgy-phx|2|2|3|2|878781166|1|1|
pescalune|2011-08-21|121|stl-det|1|1|0|1|878025205|1|1|
pescalune|2011-08-21|122|chi-nas|1|3|2|1|878123844|1|1|
pescalune|2011-08-21|123|ott-buf|2|0|8|2|878121384|1|1|
pescalune|2011-08-21|124|mtl-bos|1|5|1|1|878837006|1|1|
pescalune|2011-08-21|125|tor-cbj|1|5|0|1|878120060|1|1|
pescalune|2011-08-21|126|njd-car|2|0|12|2|878134681|1|1|
pescalune|2011-08-21|127|phi-wpg|2|1|4|2|878120837|1|1|
pescalune|2011-08-21|128|nyi-fla|2|0|3|2|878118207|1|1|
pescalune|2011-08-21|129|pit-tbl|1|4|3|1|878164396|1|1|
pescalune|2011-08-21|130|nyr-was|X|5|3|1|878116845|-0.5|1|
pescalune|2011-08-21|131|col-ana|1|12|0|1|878134465|1|1|
pescalune|2011-08-21|132|min-sjs|2|4|4|X|878115625|-0.5|2|
pescalune|2011-08-21|133|edm-lak|X|1|11|2|878781688|-0.5|1|
pescalune|2011-08-21|135|cgy-phx|X|2|3|2|878781166|-0.5|1|
