noel|2011-08-14|91|van-edm|1|3|0|1|878217829|1|1|
noel|2011-08-14|92|min-cgy|1|8|0|1|878116355|1|1|
noel|2011-08-14|93|wpg-was|1|9|0|1|878119013|1|1|
noel|2011-08-14|94|fla-car|1|2|2|X|878115464|-0.5|2|
noel|2011-08-14|95|tbl-col|2|1|7|2|878163749|1|1|
noel|2011-08-14|96|tor-njd|1|9|0|1|878135851|1|1|
noel|2011-08-14|98|bos-nyi|2|0|2|2|878122540|1|1|
noel|2011-08-14|99|buf-pit|1|1|0|1|878177253|1|1|
noel|2011-08-14|100|ott-nyr|2|0|6|2|878118881|1|1|
noel|2011-08-14|101|stl-ana|1|9|2|1|878134462|1|1|
noel|2011-08-14|102|det-sjs|2|2|3|2|878115632|1|1|
noel|2011-08-14|103|chi-lak|1|3|2|1|878812584|1|1|
noel|2011-08-14|104|nas-dal|1|5|1|1|878119162|1|1|
noel|2011-08-14|105|cbj-phx|1|1|3|2|878116359|-0.5|1|
earlt|2011-08-14|91|van-edm|2|3|0|1|878217829|-0.5|1|
earlt|2011-08-14|92|min-cgy|1|8|0|1|878116355|1|1|
earlt|2011-08-14|93|wpg-was|1|9|0|1|878119013|1|1|
earlt|2011-08-14|94|fla-car|1|2|2|X|878115464|-0.5|2|
earlt|2011-08-14|95|tbl-col|2|1|7|2|878163749|1|1|
earlt|2011-08-14|96|tor-njd|1|9|0|1|878135851|1|1|
earlt|2011-08-14|97|mtl-phi|2|1|3|2|878216859|1|1|
earlt|2011-08-14|98|bos-nyi|2|0|2|2|878122540|1|1|
earlt|2011-08-14|99|buf-pit|2|1|0|1|878177253|-0.5|1|
earlt|2011-08-14|100|ott-nyr|2|0|6|2|878118881|1|1|
earlt|2011-08-14|101|stl-ana|1|9|2|1|878134462|1|1|
earlt|2011-08-14|103|chi-lak|1|3|2|1|878812584|1|1|
earlt|2011-08-14|104|nas-dal|1|5|1|1|878119162|1|1|
earlt|2011-08-14|105|cbj-phx|1|1|3|2|878116359|-0.5|1|
snipper|2011-08-14|91|van-edm|X|3|0|1|878217829|-0.5|1|
snipper|2011-08-14|92|min-cgy|X|8|0|1|878116355|-0.5|1|
snipper|2011-08-14|93|wpg-was|X|9|0|1|878119013|-0.5|1|
snipper|2011-08-14|94|fla-car|X|2|2|X|878115464|2|2|
snipper|2011-08-14|95|tbl-col|X|1|7|2|878163749|-0.5|1|
snipper|2011-08-14|96|tor-njd|X|9|0|1|878135851|-0.5|1|
snipper|2011-08-14|97|mtl-phi|X|1|3|2|878216859|-0.5|1|
snipper|2011-08-14|99|buf-pit|X|1|0|1|878177253|-0.5|1|
snipper|2011-08-14|100|ott-nyr|X|0|6|2|878118881|-0.5|1|
snipper|2011-08-14|101|stl-ana|X|9|2|1|878134462|-0.5|1|
snipper|2011-08-14|102|det-sjs|X|2|3|2|878115632|-0.5|1|
snipper|2011-08-14|103|chi-lak|X|3|2|1|878812584|-0.5|1|
snipper|2011-08-14|104|nas-dal|X|5|1|1|878119162|-0.5|1|
snipper|2011-08-14|105|cbj-phx|X|1|3|2|878116359|-0.5|1|
stipey|2011-08-14|91|van-edm|1|3|0|1|878217829|1|1|
stipey|2011-08-14|92|min-cgy|1|8|0|1|878116355|1|1|
stipey|2011-08-14|93|wpg-was|1|9|0|1|878119013|1|1|
stipey|2011-08-14|94|fla-car|1|2|2|X|878115464|-0.5|2|
stipey|2011-08-14|95|tbl-col|2|1|7|2|878163749|1|1|
stipey|2011-08-14|96|tor-njd|1|9|0|1|878135851|1|1|
stipey|2011-08-14|97|mtl-phi|2|1|3|2|878216859|1|1|
stipey|2011-08-14|99|buf-pit|1|1|0|1|878177253|1|1|
stipey|2011-08-14|100|ott-nyr|2|0|6|2|878118881|1|1|
stipey|2011-08-14|101|stl-ana|1|9|2|1|878134462|1|1|
stipey|2011-08-14|102|det-sjs|2|2|3|2|878115632|1|1|
stipey|2011-08-14|103|chi-lak|1|3|2|1|878812584|1|1|
stipey|2011-08-14|104|nas-dal|1|5|1|1|878119162|1|1|
stipey|2011-08-14|105|cbj-phx|1|1|3|2|878116359|-0.5|1|
pescalune|2011-08-14|91|van-edm|2|3|0|1|878217829|-0.5|1|
pescalune|2011-08-14|92|min-cgy|1|8|0|1|878116355|1|1|
pescalune|2011-08-14|93|wpg-was|1|9|0|1|878119013|1|1|
pescalune|2011-08-14|94|fla-car|1|2|2|X|878115464|-0.5|2|
pescalune|2011-08-14|95|tbl-col|2|1|7|2|878163749|1|1|
pescalune|2011-08-14|96|tor-njd|1|9|0|1|878135851|1|1|
pescalune|2011-08-14|97|mtl-phi|2|1|3|2|878216859|1|1|
pescalune|2011-08-14|98|bos-nyi|2|0|2|2|878122540|1|1|
pescalune|2011-08-14|99|buf-pit|1|1|0|1|878177253|1|1|
pescalune|2011-08-14|100|ott-nyr|2|0|6|2|878118881|1|1|
pescalune|2011-08-14|101|stl-ana|2|9|2|1|878134462|-0.5|1|
pescalune|2011-08-14|102|det-sjs|2|2|3|2|878115632|1|1|
pescalune|2011-08-14|103|chi-lak|1|3|2|1|878812584|1|1|
pescalune|2011-08-14|105|cbj-phx|1|1|3|2|878116359|-0.5|1|
zoidberg|2011-08-14|92|min-cgy|1|8|0|1|878116355|1|1|
zoidberg|2011-08-14|93|wpg-was|1|9|0|1|878119013|1|1|
zoidberg|2011-08-14|95|tbl-col|2|1|7|2|878163749|1|1|
zoidberg|2011-08-14|96|tor-njd|1|9|0|1|878135851|1|1|
zoidberg|2011-08-14|97|mtl-phi|2|1|3|2|878216859|1|1|
zoidberg|2011-08-14|98|bos-nyi|2|0|2|2|878122540|1|1|
zoidberg|2011-08-14|100|ott-nyr|2|0|6|2|878118881|1|1|
zoidberg|2011-08-14|101|stl-ana|2|9|2|1|878134462|-0.5|1|
zoidberg|2011-08-14|102|det-sjs|2|2|3|2|878115632|1|1|
zoidberg|2011-08-14|103|chi-lak|1|3|2|1|878812584|1|1|
zoidberg|2011-08-14|104|nas-dal|1|5|1|1|878119162|1|1|
zoidberg|2011-08-14|105|cbj-phx|1|1|3|2|878116359|-0.5|1|
sollu|2011-08-14|91|van-edm|2|3|0|1|878217829|-0.5|1|
sollu|2011-08-14|92|min-cgy|1|8|0|1|878116355|1|1|
sollu|2011-08-14|93|wpg-was|1|9|0|1|878119013|1|1|
sollu|2011-08-14|94|fla-car|1|2|2|X|878115464|-0.5|2|
sollu|2011-08-14|96|tor-njd|1|9|0|1|878135851|1|1|
sollu|2011-08-14|97|mtl-phi|2|1|3|2|878216859|1|1|
sollu|2011-08-14|98|bos-nyi|2|0|2|2|878122540|1|1|
sollu|2011-08-14|99|buf-pit|1|1|0|1|878177253|1|1|
sollu|2011-08-14|100|ott-nyr|2|0|6|2|878118881|1|1|
sollu|2011-08-14|101|stl-ana|2|9|2|1|878134462|-0.5|1|
sollu|2011-08-14|102|det-sjs|2|2|3|2|878115632|1|1|
sollu|2011-08-14|103|chi-lak|1|3|2|1|878812584|1|1|
sollu|2011-08-14|104|nas-dal|1|5|1|1|878119162|1|1|
sollu|2011-08-14|105|cbj-phx|1|1|3|2|878116359|-0.5|1|
