pescalune|2011-09-03|166|bos-chi|2|0|11|2|878245903|1|1|
pescalune|2011-09-03|167|cbj-ott|1|7|1|1|878118882|1|1|
pescalune|2011-09-03|168|det-mtl|1|4|3|1|878123659|1|1|
pescalune|2011-09-03|169|tor-nas|1|1|0|1|878115457|1|1|
pescalune|2011-09-03|170|buf-stl|2|1|6|2|878118506|1|1|
pescalune|2011-09-03|171|nyi-ana|1|9|0|1|878134466|1|1|
pescalune|2011-09-03|172|phi-phx|1|3|1|1|878137333|1|1|
pescalune|2011-09-03|173|sjs-njd|1|12|0|1|878119581|1|1|
pescalune|2011-09-03|174|pit-lak|X|5|1|1|878174205|-0.5|1|
pescalune|2011-09-03|176|edm-tbl|1|5|2|1|878171129|1|1|
pescalune|2011-09-03|177|min-wpg|2|2|3|2|878118929|1|1|
pescalune|2011-09-03|178|cgy-was|2|1|2|2|878121708|1|1|
pescalune|2011-09-03|179|car-col|X|1|9|2|878118154|-0.5|1|
pescalune|2011-09-03|180|fla-van|1|12|0|1|878212282|1|1|
