earlt|2011-08-27|136|stl-chi|1|3|2|1|878119501|1|1|
earlt|2011-08-27|137|det-cbj|1|11|0|1|878118609|1|1|
earlt|2011-08-27|138|ott-mtl|2|0|10|2|878123658|1|1|
earlt|2011-08-27|139|buf-tor|2|3|3|X|878217061|-0.5|2|
earlt|2011-08-27|140|nas-bos|2|7|0|1|878118654|-0.5|1|
earlt|2011-08-27|141|ana-car|2|0|11|2|878134682|1|1|
earlt|2011-08-27|143|lak-fla|2|1|7|2|878123407|1|1|
earlt|2011-08-27|144|dal-tbl|1|4|0|1|878165281|1|1|
earlt|2011-08-27|145|phx-was|2|1|2|2|878119991|1|1|
earlt|2011-08-27|146|njd-col|2|0|15|2|878119580|1|1|
earlt|2011-08-27|147|phi-min|2|0|1|2|878115648|1|1|
earlt|2011-08-27|148|nyi-edm|1|2|1|1|878128140|1|1|
earlt|2011-08-27|149|pit-van|1|5|1|1|878787742|1|1|
earlt|2011-08-27|150|nyr-cgy|1|2|3|2|878116356|-0.5|1|
cpalo|2011-08-27|136|stl-chi|2|3|2|1|878119501|-0.5|1|
cpalo|2011-08-27|137|det-cbj|X|11|0|1|878118609|-0.5|1|
cpalo|2011-08-27|138|ott-mtl|2|0|10|2|878123658|1|1|
cpalo|2011-08-27|139|buf-tor|X|3|3|X|878217061|2|2|
cpalo|2011-08-27|140|nas-bos|1|7|0|1|878118654|1|1|
cpalo|2011-08-27|141|ana-car|1|0|11|2|878134682|-0.5|1|
cpalo|2011-08-27|142|sjs-wpg|X|3|4|2|878119455|-0.5|1|
cpalo|2011-08-27|144|dal-tbl|2|4|0|1|878165281|-0.5|1|
cpalo|2011-08-27|145|phx-was|2|1|2|2|878119991|1|1|
cpalo|2011-08-27|146|njd-col|2|0|15|2|878119580|1|1|
cpalo|2011-08-27|147|phi-min|X|0|1|2|878115648|-0.5|1|
cpalo|2011-08-27|148|nyi-edm|X|2|1|1|878128140|-0.5|1|
cpalo|2011-08-27|149|pit-van|1|5|1|1|878787742|1|1|
cpalo|2011-08-27|150|nyr-cgy|1|2|3|2|878116356|-0.5|1|
noel|2011-08-27|136|stl-chi|1|3|2|1|878119501|1|1|
noel|2011-08-27|137|det-cbj|1|11|0|1|878118609|1|1|
noel|2011-08-27|138|ott-mtl|2|0|10|2|878123658|1|1|
noel|2011-08-27|139|buf-tor|2|3|3|X|878217061|-0.5|2|
noel|2011-08-27|140|nas-bos|1|7|0|1|878118654|1|1|
noel|2011-08-27|141|ana-car|2|0|11|2|878134682|1|1|
noel|2011-08-27|142|sjs-wpg|2|3|4|2|878119455|1|1|
noel|2011-08-27|143|lak-fla|2|1|7|2|878123407|1|1|
noel|2011-08-27|144|dal-tbl|1|4|0|1|878165281|1|1|
noel|2011-08-27|145|phx-was|1|1|2|2|878119991|-0.5|1|
noel|2011-08-27|146|njd-col|2|0|15|2|878119580|1|1|
noel|2011-08-27|148|nyi-edm|1|2|1|1|878128140|1|1|
noel|2011-08-27|149|pit-van|1|5|1|1|878787742|1|1|
noel|2011-08-27|150|nyr-cgy|1|2|3|2|878116356|-0.5|1|
pescalune|2011-08-27|136|stl-chi|1|3|2|1|878119501|1|1|
pescalune|2011-08-27|137|det-cbj|1|11|0|1|878118609|1|1|
pescalune|2011-08-27|138|ott-mtl|2|0|10|2|878123658|1|1|
pescalune|2011-08-27|139|buf-tor|2|3|3|X|878217061|-0.5|2|
pescalune|2011-08-27|140|nas-bos|1|7|0|1|878118654|1|1|
pescalune|2011-08-27|141|ana-car|2|0|11|2|878134682|1|1|
pescalune|2011-08-27|142|sjs-wpg|2|3|4|2|878119455|1|1|
pescalune|2011-08-27|143|lak-fla|2|1|7|2|878123407|1|1|
pescalune|2011-08-27|145|phx-was|2|1|2|2|878119991|1|1|
pescalune|2011-08-27|146|njd-col|2|0|15|2|878119580|1|1|
pescalune|2011-08-27|147|phi-min|2|0|1|2|878115648|1|1|
pescalune|2011-08-27|148|nyi-edm|1|2|1|1|878128140|1|1|
pescalune|2011-08-27|149|pit-van|1|5|1|1|878787742|1|1|
pescalune|2011-08-27|150|nyr-cgy|1|2|3|2|878116356|-0.5|1|
stipey|2011-08-27|136|stl-chi|1|3|2|1|878119501|1|1|
stipey|2011-08-27|137|det-cbj|1|11|0|1|878118609|1|1|
stipey|2011-08-27|138|ott-mtl|2|0|10|2|878123658|1|1|
stipey|2011-08-27|139|buf-tor|2|3|3|X|878217061|-0.5|2|
stipey|2011-08-27|140|nas-bos|1|7|0|1|878118654|1|1|
stipey|2011-08-27|141|ana-car|2|0|11|2|878134682|1|1|
stipey|2011-08-27|142|sjs-wpg|2|3|4|2|878119455|1|1|
stipey|2011-08-27|143|lak-fla|2|1|7|2|878123407|1|1|
stipey|2011-08-27|144|dal-tbl|1|4|0|1|878165281|1|1|
stipey|2011-08-27|145|phx-was|2|1|2|2|878119991|1|1|
stipey|2011-08-27|146|njd-col|2|0|15|2|878119580|1|1|
stipey|2011-08-27|147|phi-min|2|0|1|2|878115648|1|1|
stipey|2011-08-27|149|pit-van|1|5|1|1|878787742|1|1|
stipey|2011-08-27|150|nyr-cgy|1|2|3|2|878116356|-0.5|1|
sollu|2011-08-27|136|stl-chi|2|3|2|1|878119501|-0.5|1|
sollu|2011-08-27|137|det-cbj|1|11|0|1|878118609|1|1|
sollu|2011-08-27|138|ott-mtl|2|0|10|2|878123658|1|1|
sollu|2011-08-27|139|buf-tor|2|3|3|X|878217061|-0.5|2|
sollu|2011-08-27|140|nas-bos|1|7|0|1|878118654|1|1|
sollu|2011-08-27|141|ana-car|2|0|11|2|878134682|1|1|
sollu|2011-08-27|142|sjs-wpg|2|3|4|2|878119455|1|1|
sollu|2011-08-27|143|lak-fla|2|1|7|2|878123407|1|1|
sollu|2011-08-27|144|dal-tbl|1|4|0|1|878165281|1|1|
sollu|2011-08-27|145|phx-was|2|1|2|2|878119991|1|1|
sollu|2011-08-27|147|phi-min|2|0|1|2|878115648|1|1|
sollu|2011-08-27|148|nyi-edm|1|2|1|1|878128140|1|1|
sollu|2011-08-27|149|pit-van|1|5|1|1|878787742|1|1|
sollu|2011-08-27|150|nyr-cgy|1|2|3|2|878116356|-0.5|1|
