pescalune|2011-09-10|1001|wpg-pit|1|5|0|1|878901830|1|1|
pescalune|2011-09-10|1002|tor-buf|1|5|1|1|878903782|1|1|
pescalune|2011-09-10|1003|phi-car|2|2|3|2|878902229|1|1|
pescalune|2011-09-10|1004|fla-nyi|1|7|1|1|878904579|1|1|
pescalune|2011-09-10|1005|col-ana|1|11|0|1|878907499|1|1|
pescalune|2011-09-10|1006|sjs-nas|1|6|5|1|878906590|1|1|
pescalune|2011-09-10|1007|stl-det|1|4|3|1|878903855|1|1|
pescalune|2011-09-10|1008|chi-min|1|1|0|1|878904130|1|1|
noel|2011-09-10|1001|wpg-pit|1|5|0|1|878901830|1|1|
noel|2011-09-10|1002|tor-buf|1|5|1|1|878903782|1|1|
noel|2011-09-10|1004|fla-nyi|1|7|1|1|878904579|1|1|
noel|2011-09-10|1005|col-ana|1|11|0|1|878907499|1|1|
noel|2011-09-10|1006|sjs-nas|1|6|5|1|878906590|1|1|
noel|2011-09-10|1007|stl-det|1|4|3|1|878903855|1|1|
noel|2011-09-10|1008|chi-min|1|1|0|1|878904130|1|1|
zoidberg|2011-09-10|1001|wpg-pit|1|5|0|1|878901830|1|1|
zoidberg|2011-09-10|1002|tor-buf|1|5|1|1|878903782|1|1|
zoidberg|2011-09-10|1003|phi-car|2|2|3|2|878902229|1|1|
zoidberg|2011-09-10|1005|col-ana|1|11|0|1|878907499|1|1|
zoidberg|2011-09-10|1006|sjs-nas|1|6|5|1|878906590|1|1|
zoidberg|2011-09-10|1007|stl-det|1|4|3|1|878903855|1|1|
zoidberg|2011-09-10|1008|chi-min|2|1|0|1|878904130|-0.5|1|
sollu|2011-09-10|1001|wpg-pit|1|5|0|1|878901830|1|1|
sollu|2011-09-10|1002|tor-buf|1|5|1|1|878903782|1|1|
sollu|2011-09-10|1003|phi-car|2|2|3|2|878902229|1|1|
sollu|2011-09-10|1004|fla-nyi|1|7|1|1|878904579|1|1|
sollu|2011-09-10|1006|sjs-nas|1|6|5|1|878906590|1|1|
sollu|2011-09-10|1007|stl-det|2|4|3|1|878903855|-0.5|1|
sollu|2011-09-10|1008|chi-min|2|1|0|1|878904130|-0.5|1|
stipey|2011-09-10|1001|wpg-pit|1|5|0|1|878901830|1|1|
stipey|2011-09-10|1002|tor-buf|1|5|1|1|878903782|1|1|
stipey|2011-09-10|1003|phi-car|2|2|3|2|878902229|1|1|
stipey|2011-09-10|1005|col-ana|1|11|0|1|878907499|1|1|
stipey|2011-09-10|1006|sjs-nas|1|6|5|1|878906590|1|1|
stipey|2011-09-10|1007|stl-det|1|4|3|1|878903855|1|1|
stipey|2011-09-10|1008|chi-min|1|1|0|1|878904130|1|1|
