stipey|2011-07-30|16|bos-stl|2|1|6|2|878118650|1|1|
stipey|2011-07-30|17|chi-ott|1|6|0|1|878123841|1|1|
stipey|2011-07-30|18|cbj-mtl|2|0|2|2|878123653|1|1|
stipey|2011-07-30|19|tor-det|1|4|1|1|878031315|1|1|
stipey|2011-07-30|20|buf-nas|2|1|3|2|878115889|1|1|
stipey|2011-07-30|22|ana-phi|1|4|2|1|878135229|1|1|
stipey|2011-07-30|23|phx-njd|2|0|5|2|878136773|1|1|
stipey|2011-07-30|24|sjs-pit|1|12|0|1|878164418|1|1|
stipey|2011-07-30|25|nyr-lak|1|1|6|2|878123402|-0.5|1|
stipey|2011-07-30|26|van-tbl|1|3|1|1|878214563|1|1|
stipey|2011-07-30|27|edm-wpg|2|0|8|2|878208136|1|1|
stipey|2011-07-30|28|min-was|1|9|0|1|878119030|1|1|
stipey|2011-07-30|30|fla-col|1|1|3|2|878115406|-0.5|1|
noel|2011-07-30|16|bos-stl|2|1|6|2|878118650|1|1|
noel|2011-07-30|17|chi-ott|1|6|0|1|878123841|1|1|
noel|2011-07-30|18|cbj-mtl|2|0|2|2|878123653|1|1|
noel|2011-07-30|19|tor-det|2|4|1|1|878031315|-0.5|1|
noel|2011-07-30|20|buf-nas|1|1|3|2|878115889|-0.5|1|
noel|2011-07-30|21|nyi-dal|1|3|1|1|878122169|1|1|
noel|2011-07-30|23|phx-njd|2|0|5|2|878136773|1|1|
noel|2011-07-30|24|sjs-pit|1|12|0|1|878164418|1|1|
noel|2011-07-30|25|nyr-lak|2|1|6|2|878123402|1|1|
noel|2011-07-30|26|van-tbl|1|3|1|1|878214563|1|1|
noel|2011-07-30|27|edm-wpg|2|0|8|2|878208136|1|1|
noel|2011-07-30|28|min-was|1|9|0|1|878119030|1|1|
noel|2011-07-30|30|fla-col|2|1|3|2|878115406|1|1|
zoidberg|2011-07-30|16|bos-stl|2|1|6|2|878118650|1|1|
zoidberg|2011-07-30|17|chi-ott|1|6|0|1|878123841|1|1|
zoidberg|2011-07-30|18|cbj-mtl|2|0|2|2|878123653|1|1|
zoidberg|2011-07-30|19|tor-det|1|4|1|1|878031315|1|1|
zoidberg|2011-07-30|20|buf-nas|2|1|3|2|878115889|1|1|
zoidberg|2011-07-30|21|nyi-dal|1|3|1|1|878122169|1|1|
zoidberg|2011-07-30|22|ana-phi|1|4|2|1|878135229|1|1|
zoidberg|2011-07-30|23|phx-njd|2|0|5|2|878136773|1|1|
zoidberg|2011-07-30|24|sjs-pit|1|12|0|1|878164418|1|1|
zoidberg|2011-07-30|25|nyr-lak|2|1|6|2|878123402|1|1|
zoidberg|2011-07-30|26|van-tbl|1|3|1|1|878214563|1|1|
zoidberg|2011-07-30|27|edm-wpg|2|0|8|2|878208136|1|1|
zoidberg|2011-07-30|28|min-was|1|9|0|1|878119030|1|1|
snipper|2011-07-30|17|chi-ott|X|6|0|1|878123841|-0.5|1|
snipper|2011-07-30|18|cbj-mtl|X|0|2|2|878123653|-0.5|1|
snipper|2011-07-30|19|tor-det|X|4|1|1|878031315|-0.5|1|
snipper|2011-07-30|20|buf-nas|X|1|3|2|878115889|-0.5|1|
snipper|2011-07-30|21|nyi-dal|X|3|1|1|878122169|-0.5|1|
snipper|2011-07-30|22|ana-phi|X|4|2|1|878135229|-0.5|1|
snipper|2011-07-30|23|phx-njd|X|0|5|2|878136773|-0.5|1|
snipper|2011-07-30|24|sjs-pit|X|12|0|1|878164418|-0.5|1|
snipper|2011-07-30|25|nyr-lak|X|1|6|2|878123402|-0.5|1|
snipper|2011-07-30|26|van-tbl|X|3|1|1|878214563|-0.5|1|
snipper|2011-07-30|27|edm-wpg|X|0|8|2|878208136|-0.5|1|
snipper|2011-07-30|28|min-was|X|9|0|1|878119030|-0.5|1|
snipper|2011-07-30|29|car-cgy|X|3|0|1||-0.5|1|
snipper|2011-07-30|30|fla-col|X|1|3|2|878115406|-0.5|1|
poprava|2011-07-30|16|bos-stl|2|1|6|2|878118650|1|1|
poprava|2011-07-30|17|chi-ott|1|6|0|1|878123841|1|1|
poprava|2011-07-30|18|cbj-mtl|2|0|2|2|878123653|1|1|
poprava|2011-07-30|19|tor-det|1|4|1|1|878031315|1|1|
poprava|2011-07-30|20|buf-nas|1|1|3|2|878115889|-0.5|1|
poprava|2011-07-30|21|nyi-dal|2|3|1|1|878122169|-0.5|1|
poprava|2011-07-30|22|ana-phi|1|4|2|1|878135229|1|1|
poprava|2011-07-30|23|phx-njd|2|0|5|2|878136773|1|1|
poprava|2011-07-30|24|sjs-pit|1|12|0|1|878164418|1|1|
poprava|2011-07-30|25|nyr-lak|2|1|6|2|878123402|1|1|
poprava|2011-07-30|26|van-tbl|1|3|1|1|878214563|1|1|
poprava|2011-07-30|27|edm-wpg|2|0|8|2|878208136|1|1|
poprava|2011-07-30|28|min-was|2|9|0|1|878119030|-0.5|1|
poprava|2011-07-30|30|fla-col|2|1|3|2|878115406|1|1|
pescalune|2011-07-30|16|bos-stl|2|1|6|2|878118650|1|1|
pescalune|2011-07-30|17|chi-ott|1|6|0|1|878123841|1|1|
pescalune|2011-07-30|18|cbj-mtl|2|0|2|2|878123653|1|1|
pescalune|2011-07-30|19|tor-det|1|4|1|1|878031315|1|1|
pescalune|2011-07-30|20|buf-nas|2|1|3|2|878115889|1|1|
pescalune|2011-07-30|22|ana-phi|1|4|2|1|878135229|1|1|
pescalune|2011-07-30|23|phx-njd|2|0|5|2|878136773|1|1|
pescalune|2011-07-30|24|sjs-pit|1|12|0|1|878164418|1|1|
pescalune|2011-07-30|25|nyr-lak|2|1|6|2|878123402|1|1|
pescalune|2011-07-30|26|van-tbl|1|3|1|1|878214563|1|1|
pescalune|2011-07-30|27|edm-wpg|2|0|8|2|878208136|1|1|
pescalune|2011-07-30|28|min-was|1|9|0|1|878119030|1|1|
pescalune|2011-07-30|29|car-cgy|1|3|0|1||1|1|
earlt|2011-07-30|16|bos-stl|2|1|6|2|878118650|1|1|
earlt|2011-07-30|17|chi-ott|1|6|0|1|878123841|1|1|
earlt|2011-07-30|18|cbj-mtl|2|0|2|2|878123653|1|1|
earlt|2011-07-30|19|tor-det|1|4|1|1|878031315|1|1|
earlt|2011-07-30|20|buf-nas|2|1|3|2|878115889|1|1|
earlt|2011-07-30|21|nyi-dal|1|3|1|1|878122169|1|1|
earlt|2011-07-30|22|ana-phi|1|4|2|1|878135229|1|1|
earlt|2011-07-30|23|phx-njd|2|0|5|2|878136773|1|1|
earlt|2011-07-30|25|nyr-lak|2|1|6|2|878123402|1|1|
earlt|2011-07-30|26|van-tbl|1|3|1|1|878214563|1|1|
earlt|2011-07-30|27|edm-wpg|2|0|8|2|878208136|1|1|
earlt|2011-07-30|28|min-was|1|9|0|1|878119030|1|1|
earlt|2011-07-30|30|fla-col|2|1|3|2|878115406|1|1|
sollu|2011-07-30|16|bos-stl|2|1|6|2|878118650|1|1|
sollu|2011-07-30|17|chi-ott|1|6|0|1|878123841|1|1|
sollu|2011-07-30|18|cbj-mtl|1|0|2|2|878123653|-0.5|1|
sollu|2011-07-30|19|tor-det|2|4|1|1|878031315|-0.5|1|
sollu|2011-07-30|20|buf-nas|X|1|3|2|878115889|-0.5|1|
sollu|2011-07-30|21|nyi-dal|1|3|1|1|878122169|1|1|
sollu|2011-07-30|22|ana-phi|1|4|2|1|878135229|1|1|
sollu|2011-07-30|23|phx-njd|2|0|5|2|878136773|1|1|
sollu|2011-07-30|24|sjs-pit|1|12|0|1|878164418|1|1|
sollu|2011-07-30|25|nyr-lak|2|1|6|2|878123402|1|1|
sollu|2011-07-30|26|van-tbl|2|3|1|1|878214563|-0.5|1|
sollu|2011-07-30|27|edm-wpg|2|0|8|2|878208136|1|1|
sollu|2011-07-30|28|min-was|1|9|0|1|878119030|1|1|
