stipey|2011-08-07|61|dal-ana|2|1|10|2|878134461|1|1|
stipey|2011-08-07|62|phx-sjs|2|1|12|2|878119992|1|1|
stipey|2011-08-07|63|njd-phi|2|1|8|2|878135230|1|1|
stipey|2011-08-07|64|nyr-pit|2|2|7|2|878138473|1|1|
stipey|2011-08-07|66|car-tor|1|2|4|2|878115456|-0.5|1|
stipey|2011-08-07|67|wpg-mtl|1|5|0|1|878123655|1|1|
stipey|2011-08-07|68|fla-bos|1|5|2|1|878118652|1|1|
stipey|2011-08-07|69|tbl-buf|2|1|7|2|878164703|1|1|
stipey|2011-08-07|70|was-ott|1|7|1|1|878119014|1|1|
stipey|2011-08-07|71|col-stl|1|7|4|1|878118490|1|1|
stipey|2011-08-07|72|min-det|1|0|1|2|878022756|-0.5|1|
stipey|2011-08-07|73|edm-chi|2|0|6|2|878812583|1|1|
stipey|2011-08-07|74|van-nas|2|0|6|2|878212403|1|1|
stipey|2011-08-07|75|cgy-cbj|2|0|2|2|878116354|1|1|
noel|2011-08-07|61|dal-ana|2|1|10|2|878134461|1|1|
noel|2011-08-07|62|phx-sjs|2|1|12|2|878119992|1|1|
noel|2011-08-07|64|nyr-pit|2|2|7|2|878138473|1|1|
noel|2011-08-07|65|lak-nyi|2|0|5|2|878123404|1|1|
noel|2011-08-07|66|car-tor|1|2|4|2|878115456|-0.5|1|
noel|2011-08-07|67|wpg-mtl|1|5|0|1|878123655|1|1|
noel|2011-08-07|68|fla-bos|1|5|2|1|878118652|1|1|
noel|2011-08-07|69|tbl-buf|2|1|7|2|878164703|1|1|
noel|2011-08-07|70|was-ott|1|7|1|1|878119014|1|1|
noel|2011-08-07|71|col-stl|1|7|4|1|878118490|1|1|
noel|2011-08-07|72|min-det|1|0|1|2|878022756|-0.5|1|
noel|2011-08-07|73|edm-chi|2|0|6|2|878812583|1|1|
noel|2011-08-07|74|van-nas|2|0|6|2|878212403|1|1|
noel|2011-08-07|75|cgy-cbj|2|0|2|2|878116354|1|1|
earlt|2011-08-07|61|dal-ana|2|1|10|2|878134461|1|1|
earlt|2011-08-07|63|njd-phi|1|1|8|2|878135230|-0.5|1|
earlt|2011-08-07|64|nyr-pit|2|2|7|2|878138473|1|1|
earlt|2011-08-07|66|car-tor|1|2|4|2|878115456|-0.5|1|
earlt|2011-08-07|67|wpg-mtl|1|5|0|1|878123655|1|1|
earlt|2011-08-07|68|fla-bos|1|5|2|1|878118652|1|1|
earlt|2011-08-07|69|tbl-buf|2|1|7|2|878164703|1|1|
earlt|2011-08-07|70|was-ott|1|7|1|1|878119014|1|1|
earlt|2011-08-07|71|col-stl|1|7|4|1|878118490|1|1|
earlt|2011-08-07|72|min-det|1|0|1|2|878022756|-0.5|1|
earlt|2011-08-07|73|edm-chi|2|0|6|2|878812583|1|1|
earlt|2011-08-07|74|van-nas|2|0|6|2|878212403|1|1|
earlt|2011-08-07|75|cgy-cbj|2|0|2|2|878116354|1|1|
snipper|2011-08-07|61|dal-ana|X|1|10|2|878134461|-0.5|1|
snipper|2011-08-07|62|phx-sjs|X|1|12|2|878119992|-0.5|1|
snipper|2011-08-07|63|njd-phi|X|1|8|2|878135230|-0.5|1|
snipper|2011-08-07|64|nyr-pit|X|2|7|2|878138473|-0.5|1|
snipper|2011-08-07|65|lak-nyi|X|0|5|2|878123404|-0.5|1|
snipper|2011-08-07|66|car-tor|X|2|4|2|878115456|-0.5|1|
snipper|2011-08-07|67|wpg-mtl|X|5|0|1|878123655|-0.5|1|
snipper|2011-08-07|69|tbl-buf|X|1|7|2|878164703|-0.5|1|
snipper|2011-08-07|70|was-ott|X|7|1|1|878119014|-0.5|1|
snipper|2011-08-07|71|col-stl|X|7|4|1|878118490|-0.5|1|
snipper|2011-08-07|72|min-det|X|0|1|2|878022756|-0.5|1|
snipper|2011-08-07|73|edm-chi|X|0|6|2|878812583|-0.5|1|
snipper|2011-08-07|74|van-nas|X|0|6|2|878212403|-0.5|1|
snipper|2011-08-07|75|cgy-cbj|X|0|2|2|878116354|-0.5|1|
sollu|2011-08-07|61|dal-ana|2|1|10|2|878134461|1|1|
sollu|2011-08-07|62|phx-sjs|2|1|12|2|878119992|1|1|
sollu|2011-08-07|63|njd-phi|2|1|8|2|878135230|1|1|
sollu|2011-08-07|64|nyr-pit|2|2|7|2|878138473|1|1|
sollu|2011-08-07|65|lak-nyi|2|0|5|2|878123404|1|1|
sollu|2011-08-07|66|car-tor|1|2|4|2|878115456|-0.5|1|
sollu|2011-08-07|67|wpg-mtl|1|5|0|1|878123655|1|1|
sollu|2011-08-07|68|fla-bos|1|5|2|1|878118652|1|1|
sollu|2011-08-07|69|tbl-buf|2|1|7|2|878164703|1|1|
sollu|2011-08-07|70|was-ott|1|7|1|1|878119014|1|1|
sollu|2011-08-07|72|min-det|2|0|1|2|878022756|1|1|
sollu|2011-08-07|73|edm-chi|2|0|6|2|878812583|1|1|
sollu|2011-08-07|74|van-nas|2|0|6|2|878212403|1|1|
sollu|2011-08-07|75|cgy-cbj|2|0|2|2|878116354|1|1|
pescalune|2011-08-07|62|phx-sjs|2|1|12|2|878119992|1|1|
pescalune|2011-08-07|63|njd-phi|1|1|8|2|878135230|-0.5|1|
pescalune|2011-08-07|64|nyr-pit|2|2|7|2|878138473|1|1|
pescalune|2011-08-07|65|lak-nyi|2|0|5|2|878123404|1|1|
pescalune|2011-08-07|66|car-tor|1|2|4|2|878115456|-0.5|1|
pescalune|2011-08-07|67|wpg-mtl|1|5|0|1|878123655|1|1|
pescalune|2011-08-07|68|fla-bos|1|5|2|1|878118652|1|1|
pescalune|2011-08-07|69|tbl-buf|2|1|7|2|878164703|1|1|
pescalune|2011-08-07|70|was-ott|1|7|1|1|878119014|1|1|
pescalune|2011-08-07|71|col-stl|1|7|4|1|878118490|1|1|
pescalune|2011-08-07|72|min-det|1|0|1|2|878022756|-0.5|1|
pescalune|2011-08-07|73|edm-chi|2|0|6|2|878812583|1|1|
pescalune|2011-08-07|74|van-nas|2|0|6|2|878212403|1|1|
pescalune|2011-08-07|75|cgy-cbj|2|0|2|2|878116354|1|1|
