sollu|2011-09-04|181|van-cgy|X|2|3|2|878781820|-0.5|1|
sollu|2011-09-04|183|wpg-fla|1|5|2|1|878118930|1|1|
sollu|2011-09-04|184|tbl-was|2|0|5|2|878164583|1|1|
sollu|2011-09-04|185|car-min|1|2|4|2|878115595|-0.5|1|
sollu|2011-09-04|186|njd-stl|2|0|12|2|878119582|1|1|
sollu|2011-09-04|187|phi-det|1|4|1|1|878022811|1|1|
sollu|2011-09-04|188|nyi-chi|2|0|6|2|878123845|1|1|
sollu|2011-09-04|189|pit-nas|2|1|5|2|878138470|1|1|
sollu|2011-09-04|190|nyr-cbj|2|3|3|X|878115687|-0.5|2|
sollu|2011-09-04|191|ana-tor|2|0|11|2|878135852|1|1|
sollu|2011-09-04|192|sjs-mtl|1|7|1|1|878123660|1|1|
sollu|2011-09-04|193|lak-bos|1|4|3|1|878249334|1|1|
sollu|2011-09-04|194|dal-buf|2|2|6|2|878121385|1|1|
sollu|2011-09-04|195|phx-ott|1|2|0|1|878119985|1|1|
noel|2011-09-04|181|van-cgy|1|2|3|2|878781820|-0.5|1|
noel|2011-09-04|182|col-edm|1|12|0|1|878120933|1|1|
noel|2011-09-04|183|wpg-fla|1|5|2|1|878118930|1|1|
noel|2011-09-04|184|tbl-was|1|0|5|2|878164583|-0.5|1|
noel|2011-09-04|185|car-min|1|2|4|2|878115595|-0.5|1|
noel|2011-09-04|186|njd-stl|2|0|12|2|878119582|1|1|
noel|2011-09-04|189|pit-nas|1|1|5|2|878138470|-0.5|1|
noel|2011-09-04|190|nyr-cbj|1|3|3|X|878115687|-0.5|2|
noel|2011-09-04|191|ana-tor|1|0|11|2|878135852|-0.5|1|
noel|2011-09-04|192|sjs-mtl|1|7|1|1|878123660|1|1|
noel|2011-09-04|193|lak-bos|1|4|3|1|878249334|1|1|
noel|2011-09-04|194|dal-buf|1|2|6|2|878121385|-0.5|1|
noel|2011-09-04|195|phx-ott|1|2|0|1|878119985|1|1|
pescalune|2011-09-04|181|van-cgy|1|2|3|2|878781820|-0.5|1|
pescalune|2011-09-04|182|col-edm|1|12|0|1|878120933|1|1|
pescalune|2011-09-04|183|wpg-fla|1|5|2|1|878118930|1|1|
pescalune|2011-09-04|184|tbl-was|2|0|5|2|878164583|1|1|
pescalune|2011-09-04|185|car-min|1|2|4|2|878115595|-0.5|1|
pescalune|2011-09-04|186|njd-stl|2|0|12|2|878119582|1|1|
pescalune|2011-09-04|187|phi-det|X|4|1|1|878022811|-0.5|1|
pescalune|2011-09-04|188|nyi-chi|2|0|6|2|878123845|1|1|
pescalune|2011-09-04|189|pit-nas|2|1|5|2|878138470|1|1|
pescalune|2011-09-04|190|nyr-cbj|2|3|3|X|878115687|-0.5|2|
pescalune|2011-09-04|191|ana-tor|2|0|11|2|878135852|1|1|
pescalune|2011-09-04|192|sjs-mtl|1|7|1|1|878123660|1|1|
pescalune|2011-09-04|193|lak-bos|X|4|3|1|878249334|-0.5|1|
pescalune|2011-09-04|195|phx-ott|1|2|0|1|878119985|1|1|
