globox|2011-08-06|46|det-bos|1|5|2|1|878118651|1|1|
globox|2011-08-06|47|ott-nas|2|0|11|2|878118880|1|1|
globox|2011-08-06|48|stl-mtl|1|5|3|1|878123654|1|1|
globox|2011-08-06|49|tor-chi|2|2|1|1|878218666|-0.5|1|
globox|2011-08-06|50|cbj-buf|2|1|5|2|878115890|1|1|
globox|2011-08-06|51|sjs-nyi|1|5|2|1|878122170|1|1|
globox|2011-08-06|52|lak-phi|2|0|3|2|878237523|1|1|
globox|2011-08-06|53|njd-dal|1|1|9|2|878119579|-0.5|1|
globox|2011-08-06|54|pit-ana|2|3|11|2|878138474|1|1|
globox|2011-08-06|55|phx-nyr|X|2|2|X|878116358|2|2|
globox|2011-08-06|57|wpg-col|2|4|2|1|878118908|-0.5|1|
globox|2011-08-06|58|was-van|2|3|4|2|878241010|1|1|
globox|2011-08-06|59|car-edm|1|13|0|1|878797421|1|1|
globox|2011-08-06|60|fla-min|1|7|3|1|878115436|1|1|
snipper|2011-08-06|47|ott-nas|X|0|11|2|878118880|-0.5|1|
snipper|2011-08-06|48|stl-mtl|X|5|3|1|878123654|-0.5|1|
snipper|2011-08-06|49|tor-chi|X|2|1|1|878218666|-0.5|1|
snipper|2011-08-06|50|cbj-buf|X|1|5|2|878115890|-0.5|1|
snipper|2011-08-06|51|sjs-nyi|X|5|2|1|878122170|-0.5|1|
snipper|2011-08-06|52|lak-phi|X|0|3|2|878237523|-0.5|1|
snipper|2011-08-06|53|njd-dal|X|1|9|2|878119579|-0.5|1|
snipper|2011-08-06|54|pit-ana|X|3|11|2|878138474|-0.5|1|
snipper|2011-08-06|55|phx-nyr|X|2|2|X|878116358|2|2|
snipper|2011-08-06|56|cgy-tbl|X|0|1|2|878787610|-0.5|1|
snipper|2011-08-06|57|wpg-col|X|4|2|1|878118908|-0.5|1|
snipper|2011-08-06|58|was-van|X|3|4|2|878241010|-0.5|1|
snipper|2011-08-06|59|car-edm|X|13|0|1|878797421|-0.5|1|
snipper|2011-08-06|60|fla-min|X|7|3|1|878115436|-0.5|1|
stipey|2011-08-06|46|det-bos|1|5|2|1|878118651|1|1|
stipey|2011-08-06|47|ott-nas|2|0|11|2|878118880|1|1|
stipey|2011-08-06|48|stl-mtl|1|5|3|1|878123654|1|1|
stipey|2011-08-06|49|tor-chi|1|2|1|1|878218666|1|1|
stipey|2011-08-06|50|cbj-buf|1|1|5|2|878115890|-0.5|1|
stipey|2011-08-06|52|lak-phi|2|0|3|2|878237523|1|1|
stipey|2011-08-06|53|njd-dal|1|1|9|2|878119579|-0.5|1|
stipey|2011-08-06|54|pit-ana|2|3|11|2|878138474|1|1|
stipey|2011-08-06|55|phx-nyr|1|2|2|X|878116358|-0.5|2|
stipey|2011-08-06|56|cgy-tbl|1|0|1|2|878787610|-0.5|1|
stipey|2011-08-06|57|wpg-col|2|4|2|1|878118908|-0.5|1|
stipey|2011-08-06|58|was-van|1|3|4|2|878241010|-0.5|1|
stipey|2011-08-06|59|car-edm|1|13|0|1|878797421|1|1|
stipey|2011-08-06|60|fla-min|1|7|3|1|878115436|1|1|
sollu|2011-08-06|46|det-bos|1|5|2|1|878118651|1|1|
sollu|2011-08-06|47|ott-nas|2|0|11|2|878118880|1|1|
sollu|2011-08-06|48|stl-mtl|1|5|3|1|878123654|1|1|
sollu|2011-08-06|49|tor-chi|1|2|1|1|878218666|1|1|
sollu|2011-08-06|50|cbj-buf|1|1|5|2|878115890|-0.5|1|
sollu|2011-08-06|51|sjs-nyi|1|5|2|1|878122170|1|1|
sollu|2011-08-06|52|lak-phi|2|0|3|2|878237523|1|1|
sollu|2011-08-06|53|njd-dal|1|1|9|2|878119579|-0.5|1|
sollu|2011-08-06|54|pit-ana|2|3|11|2|878138474|1|1|
sollu|2011-08-06|55|phx-nyr|1|2|2|X|878116358|-0.5|2|
sollu|2011-08-06|56|cgy-tbl|2|0|1|2|878787610|1|1|
sollu|2011-08-06|58|was-van|1|3|4|2|878241010|-0.5|1|
sollu|2011-08-06|59|car-edm|1|13|0|1|878797421|1|1|
sollu|2011-08-06|60|fla-min|1|7|3|1|878115436|1|1|
noel|2011-08-06|46|det-bos|1|5|2|1|878118651|1|1|
noel|2011-08-06|47|ott-nas|2|0|11|2|878118880|1|1|
noel|2011-08-06|48|stl-mtl|1|5|3|1|878123654|1|1|
noel|2011-08-06|49|tor-chi|1|2|1|1|878218666|1|1|
noel|2011-08-06|50|cbj-buf|1|1|5|2|878115890|-0.5|1|
noel|2011-08-06|51|sjs-nyi|1|5|2|1|878122170|1|1|
noel|2011-08-06|53|njd-dal|1|1|9|2|878119579|-0.5|1|
noel|2011-08-06|54|pit-ana|2|3|11|2|878138474|1|1|
noel|2011-08-06|55|phx-nyr|2|2|2|X|878116358|-0.5|2|
noel|2011-08-06|56|cgy-tbl|1|0|1|2|878787610|-0.5|1|
noel|2011-08-06|57|wpg-col|1|4|2|1|878118908|1|1|
noel|2011-08-06|58|was-van|1|3|4|2|878241010|-0.5|1|
noel|2011-08-06|59|car-edm|1|13|0|1|878797421|1|1|
noel|2011-08-06|60|fla-min|1|7|3|1|878115436|1|1|
pescalune|2011-08-06|46|det-bos|1|5|2|1|878118651|1|1|
pescalune|2011-08-06|47|ott-nas|2|0|11|2|878118880|1|1|
pescalune|2011-08-06|48|stl-mtl|1|5|3|1|878123654|1|1|
pescalune|2011-08-06|49|tor-chi|1|2|1|1|878218666|1|1|
pescalune|2011-08-06|50|cbj-buf|2|1|5|2|878115890|1|1|
pescalune|2011-08-06|51|sjs-nyi|2|5|2|1|878122170|-0.5|1|
pescalune|2011-08-06|52|lak-phi|2|0|3|2|878237523|1|1|
pescalune|2011-08-06|54|pit-ana|2|3|11|2|878138474|1|1|
pescalune|2011-08-06|55|phx-nyr|2|2|2|X|878116358|-0.5|2|
pescalune|2011-08-06|56|cgy-tbl|1|0|1|2|878787610|-0.5|1|
pescalune|2011-08-06|57|wpg-col|1|4|2|1|878118908|1|1|
pescalune|2011-08-06|58|was-van|2|3|4|2|878241010|1|1|
pescalune|2011-08-06|59|car-edm|1|13|0|1|878797421|1|1|
pescalune|2011-08-06|60|fla-min|1|7|3|1|878115436|1|1|
