stipey|2011-07-29|1|nas-stl|2|2|8|2|878113013|1|1|
stipey|2011-07-29|2|chi-cbj|1|6|1|1|878123840|1|1|
stipey|2011-07-29|3|bos-ott|1|11|1|1|878122539|1|1|
stipey|2011-07-29|4|mtl-tor|1|0|6|2|878216864|-0.5|1|
stipey|2011-07-29|5|buf-det|2|2|9|2|878023603|1|1|
stipey|2011-07-29|6|dal-lak|1|2|4|2|878123400|-0.5|1|
stipey|2011-07-29|7|ana-phx|1|7|0|1|878136774|1|1|
stipey|2011-07-29|9|pit-njd|2|0|7|2|878138476|1|1|
stipey|2011-07-29|10|sjs-nyr|1|10|0|1|878115629|1|1|
stipey|2011-07-29|11|col-van|1|8|0|1|878212278|1|1|
stipey|2011-07-29|12|edm-min|1|1|9|2|878116907|-0.5|1|
stipey|2011-07-29|13|tbl-wpg|2|0|13|2|878164771|1|1|
stipey|2011-07-29|14|was-car|2|1|12|2|878116841|1|1|
stipey|2011-07-29|15|cgy-fla|2|0|13|2|878116352|1|1|
noel|2011-07-29|1|nas-stl|2|2|8|2|878113013|1|1|
noel|2011-07-29|2|chi-cbj|1|6|1|1|878123840|1|1|
noel|2011-07-29|3|bos-ott|1|11|1|1|878122539|1|1|
noel|2011-07-29|4|mtl-tor|2|0|6|2|878216864|1|1|
noel|2011-07-29|5|buf-det|2|2|9|2|878023603|1|1|
noel|2011-07-29|6|dal-lak|1|2|4|2|878123400|-0.5|1|
noel|2011-07-29|7|ana-phx|1|7|0|1|878136774|1|1|
noel|2011-07-29|9|pit-njd|2|0|7|2|878138476|1|1|
noel|2011-07-29|10|sjs-nyr|1|10|0|1|878115629|1|1|
noel|2011-07-29|11|col-van|1|8|0|1|878212278|1|1|
noel|2011-07-29|12|edm-min|1|1|9|2|878116907|-0.5|1|
noel|2011-07-29|13|tbl-wpg|2|0|13|2|878164771|1|1|
noel|2011-07-29|14|was-car|2|1|12|2|878116841|1|1|
noel|2011-07-29|15|cgy-fla|2|0|13|2|878116352|1|1|
zoidberg|2011-07-29|1|nas-stl|2|2|8|2|878113013|1|1|
zoidberg|2011-07-29|2|chi-cbj|1|6|1|1|878123840|1|1|
zoidberg|2011-07-29|4|mtl-tor|2|0|6|2|878216864|1|1|
zoidberg|2011-07-29|5|buf-det|2|2|9|2|878023603|1|1|
zoidberg|2011-07-29|6|dal-lak|2|2|4|2|878123400|1|1|
zoidberg|2011-07-29|7|ana-phx|1|7|0|1|878136774|1|1|
zoidberg|2011-07-29|8|phi-nyi|1|3|2|1|878127563|1|1|
zoidberg|2011-07-29|9|pit-njd|2|0|7|2|878138476|1|1|
zoidberg|2011-07-29|10|sjs-nyr|1|10|0|1|878115629|1|1|
zoidberg|2011-07-29|11|col-van|1|8|0|1|878212278|1|1|
zoidberg|2011-07-29|12|edm-min|2|1|9|2|878116907|1|1|
zoidberg|2011-07-29|13|tbl-wpg|2|0|13|2|878164771|1|1|
zoidberg|2011-07-29|14|was-car|2|1|12|2|878116841|1|1|
snipper|2011-07-29|1|nas-stl|X|2|8|2|878113013|-0.5|1|
snipper|2011-07-29|2|chi-cbj|X|6|1|1|878123840|-0.5|1|
snipper|2011-07-29|4|mtl-tor|X|0|6|2|878216864|-0.5|1|
snipper|2011-07-29|5|buf-det|X|2|9|2|878023603|-0.5|1|
snipper|2011-07-29|6|dal-lak|X|2|4|2|878123400|-0.5|1|
snipper|2011-07-29|7|ana-phx|X|7|0|1|878136774|-0.5|1|
snipper|2011-07-29|8|phi-nyi|X|3|2|1|878127563|-0.5|1|
snipper|2011-07-29|9|pit-njd|X|0|7|2|878138476|-0.5|1|
snipper|2011-07-29|10|sjs-nyr|X|10|0|1|878115629|-0.5|1|
snipper|2011-07-29|11|col-van|X|8|0|1|878212278|-0.5|1|
snipper|2011-07-29|12|edm-min|X|1|9|2|878116907|-0.5|1|
snipper|2011-07-29|13|tbl-wpg|X|0|13|2|878164771|-0.5|1|
snipper|2011-07-29|14|was-car|X|1|12|2|878116841|-0.5|1|
snipper|2011-07-29|15|cgy-fla|X|0|13|2|878116352|-0.5|1|
poprava|2011-07-29|1|nas-stl|2|2|8|2|878113013|1|1|
poprava|2011-07-29|2|chi-cbj|1|6|1|1|878123840|1|1|
poprava|2011-07-29|3|bos-ott|2|11|1|1|878122539|-0.5|1|
poprava|2011-07-29|4|mtl-tor|2|0|6|2|878216864|1|1|
poprava|2011-07-29|5|buf-det|2|2|9|2|878023603|1|1|
poprava|2011-07-29|6|dal-lak|1|2|4|2|878123400|-0.5|1|
poprava|2011-07-29|7|ana-phx|1|7|0|1|878136774|1|1|
poprava|2011-07-29|8|phi-nyi|1|3|2|1|878127563|1|1|
poprava|2011-07-29|9|pit-njd|2|0|7|2|878138476|1|1|
poprava|2011-07-29|10|sjs-nyr|1|10|0|1|878115629|1|1|
poprava|2011-07-29|11|col-van|1|8|0|1|878212278|1|1|
poprava|2011-07-29|12|edm-min|2|1|9|2|878116907|1|1|
poprava|2011-07-29|13|tbl-wpg|2|0|13|2|878164771|1|1|
poprava|2011-07-29|15|cgy-fla|2|0|13|2|878116352|1|1|
trsto|2011-07-29|1|nas-stl|2|2|8|2|878113013|1|1|
trsto|2011-07-29|2|chi-cbj|1|6|1|1|878123840|1|1|
trsto|2011-07-29|3|bos-ott|1|11|1|1|878122539|1|1|
trsto|2011-07-29|4|mtl-tor|2|0|6|2|878216864|1|1|
trsto|2011-07-29|5|buf-det|2|2|9|2|878023603|1|1|
trsto|2011-07-29|6|dal-lak|2|2|4|2|878123400|1|1|
trsto|2011-07-29|7|ana-phx|1|7|0|1|878136774|1|1|
trsto|2011-07-29|8|phi-nyi|1|3|2|1|878127563|1|1|
trsto|2011-07-29|10|sjs-nyr|1|10|0|1|878115629|1|1|
trsto|2011-07-29|11|col-van|1|8|0|1|878212278|1|1|
trsto|2011-07-29|12|edm-min|2|1|9|2|878116907|1|1|
trsto|2011-07-29|13|tbl-wpg|2|0|13|2|878164771|1|1|
trsto|2011-07-29|14|was-car|2|1|12|2|878116841|1|1|
trsto|2011-07-29|15|cgy-fla|2|0|13|2|878116352|1|1|
pescalune|2011-07-29|1|nas-stl|2|2|8|2|878113013|1|1|
pescalune|2011-07-29|2|chi-cbj|1|6|1|1|878123840|1|1|
pescalune|2011-07-29|3|bos-ott|1|11|1|1|878122539|1|1|
pescalune|2011-07-29|4|mtl-tor|2|0|6|2|878216864|1|1|
pescalune|2011-07-29|5|buf-det|2|2|9|2|878023603|1|1|
pescalune|2011-07-29|7|ana-phx|1|7|0|1|878136774|1|1|
pescalune|2011-07-29|8|phi-nyi|1|3|2|1|878127563|1|1|
pescalune|2011-07-29|9|pit-njd|2|0|7|2|878138476|1|1|
pescalune|2011-07-29|10|sjs-nyr|1|10|0|1|878115629|1|1|
pescalune|2011-07-29|11|col-van|1|8|0|1|878212278|1|1|
pescalune|2011-07-29|12|edm-min|2|1|9|2|878116907|1|1|
pescalune|2011-07-29|13|tbl-wpg|2|0|13|2|878164771|1|1|
pescalune|2011-07-29|14|was-car|2|1|12|2|878116841|1|1|
pescalune|2011-07-29|15|cgy-fla|2|0|13|2|878116352|1|1|
earlt|2011-07-29|1|nas-stl|2|2|8|2|878113013|1|1|
earlt|2011-07-29|2|chi-cbj|1|6|1|1|878123840|1|1|
earlt|2011-07-29|3|bos-ott|1|11|1|1|878122539|1|1|
earlt|2011-07-29|4|mtl-tor|2|0|6|2|878216864|1|1|
earlt|2011-07-29|5|buf-det|2|2|9|2|878023603|1|1|
earlt|2011-07-29|6|dal-lak|2|2|4|2|878123400|1|1|
earlt|2011-07-29|7|ana-phx|1|7|0|1|878136774|1|1|
earlt|2011-07-29|8|phi-nyi|1|3|2|1|878127563|1|1|
earlt|2011-07-29|9|pit-njd|2|0|7|2|878138476|1|1|
earlt|2011-07-29|11|col-van|1|8|0|1|878212278|1|1|
earlt|2011-07-29|12|edm-min|2|1|9|2|878116907|1|1|
earlt|2011-07-29|13|tbl-wpg|2|0|13|2|878164771|1|1|
earlt|2011-07-29|14|was-car|2|1|12|2|878116841|1|1|
earlt|2011-07-29|15|cgy-fla|2|0|13|2|878116352|1|1|
sollu|2011-07-29|1|nas-stl|2|2|8|2|878113013|1|1|
sollu|2011-07-29|2|chi-cbj|1|6|1|1|878123840|1|1|
sollu|2011-07-29|3|bos-ott|1|11|1|1|878122539|1|1|
sollu|2011-07-29|4|mtl-tor|2|0|6|2|878216864|1|1|
sollu|2011-07-29|5|buf-det|2|2|9|2|878023603|1|1|
sollu|2011-07-29|6|dal-lak|2|2|4|2|878123400|1|1|
sollu|2011-07-29|7|ana-phx|1|7|0|1|878136774|1|1|
sollu|2011-07-29|8|phi-nyi|1|3|2|1|878127563|1|1|
sollu|2011-07-29|9|pit-njd|2|0|7|2|878138476|1|1|
sollu|2011-07-29|10|sjs-nyr|1|10|0|1|878115629|1|1|
sollu|2011-07-29|12|edm-min|2|1|9|2|878116907|1|1|
sollu|2011-07-29|13|tbl-wpg|2|0|13|2|878164771|1|1|
sollu|2011-07-29|14|was-car|2|1|12|2|878116841|1|1|
sollu|2011-07-29|15|cgy-fla|2|0|13|2|878116352|1|1|
