globox|2012-03-03|46|was-car|2|3|6|2|880869521|1|1|
globox|2012-03-03|47|tbl-wpg|2|2|5|2|880884209|1|1|
globox|2012-03-03|48|nyi-pit|1|3|0|1|880861782|1|1|
globox|2012-03-03|49|phi-njd|2|0|1|2|880862368|1|1|
globox|2012-03-03|50|fla-nyr|1|5|2|1|880865096|1|1|
globox|2012-03-03|51|col-sjs|1|7|0|1|880870336|1|1|
globox|2012-03-03|52|min-lak|1|4|1|1|880862306|1|1|
globox|2012-03-03|53|van-phx|2|1|3|2|880841439|1|1|
globox|2012-03-03|55|edm-dal|2|0|7|2|880875140|1|1|
globox|2012-03-03|56|stl-tor|2|3|0|1|880870283|-0.5|1|
globox|2012-03-03|57|chi-mtl|1|4|3|1|881467222|1|1|
globox|2012-03-03|58|det-bos|1|4|3|1|880861672|1|1|
globox|2012-03-03|59|nas-buf|2|5|9|2|880839169|1|1|
globox|2012-03-03|60|cbj-ott|1|3|2|1|880878366|1|1|
pescalune|2012-03-03|46|was-car|2|3|6|2|880869521|1|1|
pescalune|2012-03-03|47|tbl-wpg|2|2|5|2|880884209|1|1|
pescalune|2012-03-03|48|nyi-pit|1|3|0|1|880861782|1|1|
pescalune|2012-03-03|49|phi-njd|1|0|1|2|880862368|-0.5|1|
pescalune|2012-03-03|50|fla-nyr|1|5|2|1|880865096|1|1|
pescalune|2012-03-03|51|col-sjs|1|7|0|1|880870336|1|1|
pescalune|2012-03-03|52|min-lak|1|4|1|1|880862306|1|1|
pescalune|2012-03-03|53|van-phx|2|1|3|2|880841439|1|1|
pescalune|2012-03-03|54|cgy-ana|1|7|0|1|880836753|1|1|
pescalune|2012-03-03|56|stl-tor|2|3|0|1|880870283|-0.5|1|
pescalune|2012-03-03|57|chi-mtl|X|4|3|1|881467222|-0.5|1|
pescalune|2012-03-03|58|det-bos|1|4|3|1|880861672|1|1|
pescalune|2012-03-03|59|nas-buf|X|5|9|2|880839169|-0.5|1|
pescalune|2012-03-03|60|cbj-ott|1|3|2|1|880878366|1|1|
tomson|2012-03-03|46|was-car|2|3|6|2|880869521|1|1|
tomson|2012-03-03|47|tbl-wpg|2|2|5|2|880884209|1|1|
tomson|2012-03-03|49|phi-njd|2|0|1|2|880862368|1|1|
tomson|2012-03-03|50|fla-nyr|1|5|2|1|880865096|1|1|
tomson|2012-03-03|51|col-sjs|1|7|0|1|880870336|1|1|
tomson|2012-03-03|52|min-lak|1|4|1|1|880862306|1|1|
tomson|2012-03-03|53|van-phx|2|1|3|2|880841439|1|1|
tomson|2012-03-03|54|cgy-ana|1|7|0|1|880836753|1|1|
tomson|2012-03-03|55|edm-dal|2|0|7|2|880875140|1|1|
tomson|2012-03-03|56|stl-tor|1|3|0|1|880870283|1|1|
tomson|2012-03-03|57|chi-mtl|1|4|3|1|881467222|1|1|
tomson|2012-03-03|58|det-bos|1|4|3|1|880861672|1|1|
tomson|2012-03-03|59|nas-buf|1|5|9|2|880839169|-0.5|1|
tomson|2012-03-03|60|cbj-ott|1|3|2|1|880878366|1|1|
snipper|2012-03-03|46|was-car|X|3|6|2|880869521|-0.5|1|
snipper|2012-03-03|47|tbl-wpg|X|2|5|2|880884209|-0.5|1|
snipper|2012-03-03|48|nyi-pit|X|3|0|1|880861782|-0.5|1|
snipper|2012-03-03|49|phi-njd|X|0|1|2|880862368|-0.5|1|
snipper|2012-03-03|50|fla-nyr|X|5|2|1|880865096|-0.5|1|
snipper|2012-03-03|51|col-sjs|X|7|0|1|880870336|-0.5|1|
snipper|2012-03-03|52|min-lak|X|4|1|1|880862306|-0.5|1|
snipper|2012-03-03|53|van-phx|X|1|3|2|880841439|-0.5|1|
snipper|2012-03-03|54|cgy-ana|X|7|0|1|880836753|-0.5|1|
snipper|2012-03-03|55|edm-dal|X|0|7|2|880875140|-0.5|1|
snipper|2012-03-03|56|stl-tor|X|3|0|1|880870283|-0.5|1|
snipper|2012-03-03|57|chi-mtl|X|4|3|1|881467222|-0.5|1|
snipper|2012-03-03|59|nas-buf|X|5|9|2|880839169|-0.5|1|
snipper|2012-03-03|60|cbj-ott|X|3|2|1|880878366|-0.5|1|
