globox|2012-03-25|151|tor-bos|2|2|5|2|880870290|1|1|
globox|2012-03-25|152|mtl-ott|1|5|0|1|880838776|1|1|
globox|2012-03-25|153|dal-lak|2|0|4|2|880841425|1|1|
globox|2012-03-25|154|ana-sjs|1|7|1|1|880870171|1|1|
globox|2012-03-25|155|buf-phx|2|2|8|2|880903312|1|1|
globox|2012-03-25|156|car-col|2|3|6|2|880870337|1|1|
globox|2012-03-25|157|wpg-min|1|3|4|2|880869266|-0.5|1|
globox|2012-03-25|158|fla-van|1|7|1|1|880865093|1|1|
globox|2012-03-25|160|tbl-edm|1|8|2|1|880884213|1|1|
globox|2012-03-25|161|nyi-stl|1|6|0|1|880863110|1|1|
globox|2012-03-25|162|pit-chi|2|0|2|2|880840210|1|1|
globox|2012-03-25|163|nyr-det|2|6|6|X|880861675|-0.5|2|
globox|2012-03-25|164|njd-nas|2|0|11|2|880839326|1|1|
globox|2012-03-25|165|phi-cbj|2|2|6|2|880863045|1|1|
