globox|2012-03-17|106|was-wpg|2|1|0|1|880868754|-0.5|1|
globox|2012-03-17|107|car-fla|1|1|5|2|881503206|-0.5|1|
globox|2012-03-17|108|pit-phi|1|4|0|1|880861938|1|1|
globox|2012-03-17|109|nyi-nyr|2|3|2|1|880861783|-0.5|1|
globox|2012-03-17|110|tbl-njd|1|7|0|1|880902348|1|1|
globox|2012-03-17|111|sjs-stl|2|0|10|2|880870165|1|1|
globox|2012-03-17|112|lak-chi|2|3|1|1|880860391|-0.5|1|
globox|2012-03-17|113|phx-det|2|1|6|2|880864695|1|1|
globox|2012-03-17|114|ana-nas|2|1|4|2|880839330|1|1|
globox|2012-03-17|115|dal-cbj|1|2|3|2|880863570|-0.5|1|
globox|2012-03-17|116|tor-col|2|2|5|2|880874916|1|1|
globox|2012-03-17|117|mtl-min|2|5|0|1|880875555|-0.5|1|
globox|2012-03-17|118|bos-van|1|1|1|X|880841202|-0.5|2|
globox|2012-03-17|120|ott-edm|2|6|1|1|880836843|-0.5|1|
pescalune|2012-03-17|106|was-wpg|2|1|0|1|880868754|-0.5|1|
pescalune|2012-03-17|107|car-fla|1|1|5|2|881503206|-0.5|1|
pescalune|2012-03-17|108|pit-phi|1|4|0|1|880861938|1|1|
pescalune|2012-03-17|109|nyi-nyr|1|3|2|1|880861783|1|1|
pescalune|2012-03-17|110|tbl-njd|1|7|0|1|880902348|1|1|
pescalune|2012-03-17|111|sjs-stl|2|0|10|2|880870165|1|1|
pescalune|2012-03-17|112|lak-chi|2|3|1|1|880860391|-0.5|1|
pescalune|2012-03-17|113|phx-det|2|1|6|2|880864695|1|1|
pescalune|2012-03-17|114|ana-nas|2|1|4|2|880839330|1|1|
pescalune|2012-03-17|116|tor-col|2|2|5|2|880874916|1|1|
pescalune|2012-03-17|117|mtl-min|2|5|0|1|880875555|-0.5|1|
pescalune|2012-03-17|118|bos-van|1|1|1|X|880841202|-0.5|2|
pescalune|2012-03-17|119|buf-cgy|2|3|6|2|880868949|1|1|
pescalune|2012-03-17|120|ott-edm|2|6|1|1|880836843|-0.5|1|
