globox|2012-03-31|166|phx-bos|2|0|8|2|880841440|1|1|
globox|2012-03-31|167|ott-dal|2|3|2|1|880837154|-0.5|1|
globox|2012-03-31|168|mtl-lak|2|2|1|1|880860914|-0.5|1|
globox|2012-03-31|169|sjs-buf|2|1|5|2|880870195|1|1|
globox|2012-03-31|170|ana-tor|2|0|8|2|880870293|1|1|
globox|2012-03-31|171|nyr-car|2|2|4|2|880869518|1|1|
globox|2012-03-31|172|pit-tbl|1|1|4|2|880861226|-0.5|1|
globox|2012-03-31|173|wpg-nyi|1|5|1|1|880868756|1|1|
globox|2012-03-31|174|njd-fla|2|0|11|2|880866487|1|1|
globox|2012-03-31|175|phi-was|2|1|10|2|880861940|1|1|
globox|2012-03-31|177|chi-min|2|1|2|2|880869892|1|1|
globox|2012-03-31|178|cbj-edm|2|6|2|1|880874626|-0.5|1|
globox|2012-03-31|179|col-stl|1|5|0|1|880867136|1|1|
globox|2012-03-31|180|van-nas|1|5|2|1|880841204|1|1|
