globox|2012-03-24|136|ott-phx|2|2|6|2|880837666|1|1|
globox|2012-03-24|137|mtl-dal|1|5|1|1|880838775|1|1|
globox|2012-03-24|138|lak-buf|1|8|3|1|880861486|1|1|
globox|2012-03-24|139|sjs-tor|2|0|6|2|880870289|1|1|
globox|2012-03-24|140|ana-bos|2|0|8|2|880841512|1|1|
globox|2012-03-24|141|tbl-nyr|2|1|4|2|880861225|1|1|
globox|2012-03-24|142|wpg-pit|1|2|0|1|880870498|1|1|
globox|2012-03-24|143|fla-nyi|1|1|2|2|880865094|-0.5|1|
globox|2012-03-24|144|njd-was|2|0|12|2|880838306|1|1|
globox|2012-03-24|145|phi-car|2|0|5|2|880869527|1|1|
globox|2012-03-24|147|cbj-min|2|2|5|2|880874625|1|1|
globox|2012-03-24|148|edm-stl|2|1|9|2|880866666|1|1|
globox|2012-03-24|149|col-nas|1|3|1|1|880867135|1|1|
globox|2012-03-24|150|van-det|2|1|3|2|880861674|1|1|
