tomson|2012-03-10|76|phx-tor|2|1|4|2|881467301|1|1|
tomson|2012-03-10|77|bos-dal|1|6|1|1|880841092|1|1|
tomson|2012-03-10|78|ott-lak|1|1|3|2|880841413|-0.5|1|
tomson|2012-03-10|79|sjs-mtl|1|0|11|2|880875554|-0.5|1|
tomson|2012-03-10|80|ana-buf|2|1|9|2|880839170|1|1|
tomson|2012-03-10|81|nyr-was|2|1|2|2|880839085|1|1|
tomson|2012-03-10|83|tbl-nyi|2|1|0|1|880865583|-0.5|1|
tomson|2012-03-10|84|wpg-njd|1|15|0|1|880869029|1|1|
tomson|2012-03-10|85|phi-fla|2|0|13|2|880865098|1|1|
tomson|2012-03-10|86|nas-cgy|1|1|2|2|880838493|-0.5|1|
tomson|2012-03-10|87|det-min|2|3|0|1|880862307|-0.5|1|
tomson|2012-03-10|88|chi-edm|1|7|1|1|880877350|1|1|
tomson|2012-03-10|89|col-cbj|1|4|1|1|880874624|1|1|
tomson|2012-03-10|90|van-stl|2|1|9|2|880841331|1|1|
globox|2012-03-10|76|phx-tor|2|1|4|2|881467301|1|1|
globox|2012-03-10|77|bos-dal|1|6|1|1|880841092|1|1|
globox|2012-03-10|78|ott-lak|2|1|3|2|880841413|1|1|
globox|2012-03-10|79|sjs-mtl|2|0|11|2|880875554|1|1|
globox|2012-03-10|80|ana-buf|2|1|9|2|880839170|1|1|
globox|2012-03-10|81|nyr-was|2|1|2|2|880839085|1|1|
globox|2012-03-10|82|car-pit|1|4|1|1|880869519|1|1|
globox|2012-03-10|83|tbl-nyi|2|1|0|1|880865583|-0.5|1|
globox|2012-03-10|84|wpg-njd|1|15|0|1|880869029|1|1|
globox|2012-03-10|85|phi-fla|2|0|13|2|880865098|1|1|
globox|2012-03-10|87|det-min|1|3|0|1|880862307|1|1|
globox|2012-03-10|88|chi-edm|1|7|1|1|880877350|1|1|
globox|2012-03-10|89|col-cbj|1|4|1|1|880874624|1|1|
globox|2012-03-10|90|van-stl|2|1|9|2|880841331|1|1|
pescalune|2012-03-10|76|phx-tor|2|1|4|2|881467301|1|1|
pescalune|2012-03-10|78|ott-lak|2|1|3|2|880841413|1|1|
pescalune|2012-03-10|79|sjs-mtl|2|0|11|2|880875554|1|1|
pescalune|2012-03-10|80|ana-buf|2|1|9|2|880839170|1|1|
pescalune|2012-03-10|81|nyr-was|2|1|2|2|880839085|1|1|
pescalune|2012-03-10|82|car-pit|1|4|1|1|880869519|1|1|
pescalune|2012-03-10|83|tbl-nyi|2|1|0|1|880865583|-0.5|1|
pescalune|2012-03-10|84|wpg-njd|1|15|0|1|880869029|1|1|
pescalune|2012-03-10|85|phi-fla|2|0|13|2|880865098|1|1|
pescalune|2012-03-10|86|nas-cgy|X|1|2|2|880838493|-0.5|1|
pescalune|2012-03-10|87|det-min|X|3|0|1|880862307|-0.5|1|
pescalune|2012-03-10|88|chi-edm|1|7|1|1|880877350|1|1|
pescalune|2012-03-10|89|col-cbj|1|4|1|1|880874624|1|1|
pescalune|2012-03-10|90|van-stl|2|1|9|2|880841331|1|1|
snipper|2012-03-10|76|phx-tor|X|1|4|2|881467301|-0.5|1|
snipper|2012-03-10|78|ott-lak|X|1|3|2|880841413|-0.5|1|
snipper|2012-03-10|79|sjs-mtl|X|0|11|2|880875554|-0.5|1|
snipper|2012-03-10|80|ana-buf|X|1|9|2|880839170|-0.5|1|
snipper|2012-03-10|81|nyr-was|X|1|2|2|880839085|-0.5|1|
snipper|2012-03-10|82|car-pit|X|4|1|1|880869519|-0.5|1|
snipper|2012-03-10|83|tbl-nyi|X|1|0|1|880865583|-0.5|1|
snipper|2012-03-10|84|wpg-njd|X|15|0|1|880869029|-0.5|1|
snipper|2012-03-10|85|phi-fla|X|0|13|2|880865098|-0.5|1|
snipper|2012-03-10|86|nas-cgy|X|1|2|2|880838493|-0.5|1|
snipper|2012-03-10|87|det-min|X|3|0|1|880862307|-0.5|1|
snipper|2012-03-10|88|chi-edm|X|7|1|1|880877350|-0.5|1|
snipper|2012-03-10|89|col-cbj|X|4|1|1|880874624|-0.5|1|
snipper|2012-03-10|90|van-stl|X|1|9|2|880841331|-0.5|1|
