pescalune|2012-03-18|121|nas-det|1|1|5|2|880861673|-0.5|1|
pescalune|2012-03-18|122|chi-cbj|1|3|1|1|880903542|1|1|
pescalune|2012-03-18|123|min-edm|1|11|0|1|880874622|1|1|
pescalune|2012-03-18|124|van-col|2|0|4|2|880841203|1|1|
pescalune|2012-03-18|125|cgy-stl|2|2|2|X|880865908|-0.5|2|
pescalune|2012-03-18|126|sjs-nyi|2|1|7|2|880870166|1|1|
pescalune|2012-03-18|127|lak-pit|1|4|0|1|880841424|1|1|
pescalune|2012-03-18|128|phx-nyr|1|6|2|1|880839297|1|1|
pescalune|2012-03-18|129|ana-njd|1|6|1|1|880836962|1|1|
pescalune|2012-03-18|131|tor-car|2|3|5|2|880870287|1|1|
pescalune|2012-03-18|132|mtl-wpg|2|2|4|2|880875556|1|1|
pescalune|2012-03-18|133|bos-fla|X|4|6|2|880865095|-0.5|1|
pescalune|2012-03-18|134|buf-was|2|3|4|2|880839171|1|1|
pescalune|2012-03-18|135|ott-tbl|2|2|5|2|880861224|1|1|
