globox|2010-12-19|1026|njd-car|2|3|2|1|875394955|-0.5|
globox|2010-12-19|1027|chi-sjs|1|4|0|1|875423306|1|
misko|2010-12-19|1026|njd-car|2|3|2|1|875394955|-0.5|
misko|2010-12-19|1027|chi-sjs|1|4|0|1|875423306|1|
trsto|2010-12-19|1027|chi-sjs|1|4|0|1|875423306|1|
pescalune|2010-12-19|1026|njd-car|1|3|2|1|875394955|1|
pescalune|2010-12-19|1027|chi-sjs|2|4|0|1|875423306|-0.5|
jac|2010-12-19|1026|njd-car|2|3|2|1|875394955|-0.5|
jac|2010-12-19|1027|chi-sjs|1|4|0|1|875423306|1|
lordik13|2010-12-19|1026|njd-car|2|3|2|1|875394955|-0.5|
lordik13|2010-12-19|1027|chi-sjs|1|4|0|1|875423306|1|
