globox|2010-12-04|1001|fla-mtl|1|7|0|1|875354136|1|
globox|2010-12-04|1002|nyi-njd|2|3|5|2|875351955|1|
globox|2010-12-04|1003|ott-tbl|1|11|0|1|875355115|1|
globox|2010-12-04|1004|car-buf|1|2|0|1|875352747|1|
globox|2010-12-04|1005|sjs-nas|1|3|4|2|875353348|-0.5|
globox|2010-12-04|1006|col-det|1|0|3|2|875351568|-0.5|
globox|2010-12-04|1007|chi-edm|1|3|1|1|875354387|1|
globox|2010-12-04|1008|ana-stl|1|3|4|2|875355731|-0.5|
trsto|2010-12-04|1001|fla-mtl|1|7|0|1|875354136|1|
trsto|2010-12-04|1003|ott-tbl|1|11|0|1|875355115|1|
trsto|2010-12-04|1004|car-buf|1|2|0|1|875352747|1|
trsto|2010-12-04|1005|sjs-nas|1|3|4|2|875353348|-0.5|
trsto|2010-12-04|1006|col-det|1|0|3|2|875351568|-0.5|
trsto|2010-12-04|1007|chi-edm|1|3|1|1|875354387|1|
trsto|2010-12-04|1008|ana-stl|1|3|4|2|875355731|-0.5|
jac|2010-12-04|1001|fla-mtl|1|7|0|1|875354136|1|
jac|2010-12-04|1002|nyi-njd|2|3|5|2|875351955|1|
jac|2010-12-04|1003|ott-tbl|1|11|0|1|875355115|1|
jac|2010-12-04|1005|sjs-nas|1|3|4|2|875353348|-0.5|
jac|2010-12-04|1006|col-det|1|0|3|2|875351568|-0.5|
jac|2010-12-04|1007|chi-edm|1|3|1|1|875354387|1|
jac|2010-12-04|1008|ana-stl|1|3|4|2|875355731|-0.5|
marleau12|2010-12-04|1001|fla-mtl|1|7|0|1|875354136|1|
marleau12|2010-12-04|1002|nyi-njd|1|3|5|2|875351955|-0.5|
marleau12|2010-12-04|1003|ott-tbl|1|11|0|1|875355115|1|
marleau12|2010-12-04|1004|car-buf|1|2|0|1|875352747|1|
marleau12|2010-12-04|1006|col-det|1|0|3|2|875351568|-0.5|
marleau12|2010-12-04|1007|chi-edm|1|3|1|1|875354387|1|
marleau12|2010-12-04|1008|ana-stl|1|3|4|2|875355731|-0.5|
pescalune|2010-12-04|1001|fla-mtl|1|7|0|1|875354136|1|
pescalune|2010-12-04|1002|nyi-njd|2|3|5|2|875351955|1|
pescalune|2010-12-04|1003|ott-tbl|1|11|0|1|875355115|1|
pescalune|2010-12-04|1004|car-buf|1|2|0|1|875352747|1|
pescalune|2010-12-04|1005|sjs-nas|1|3|4|2|875353348|-0.5|
pescalune|2010-12-04|1006|col-det|1|0|3|2|875351568|-0.5|
pescalune|2010-12-04|1007|chi-edm|1|3|1|1|875354387|1|
pescalune|2010-12-04|1008|ana-stl|1|3|4|2|875355731|-0.5|
misko|2010-12-04|1001|fla-mtl|1|7|0|1|875354136|1|
misko|2010-12-04|1002|nyi-njd|1|3|5|2|875351955|-0.5|
misko|2010-12-04|1003|ott-tbl|1|11|0|1|875355115|1|
misko|2010-12-04|1004|car-buf|1|2|0|1|875352747|1|
misko|2010-12-04|1005|sjs-nas|1|3|4|2|875353348|-0.5|
misko|2010-12-04|1007|chi-edm|1|3|1|1|875354387|1|
misko|2010-12-04|1008|ana-stl|1|3|4|2|875355731|-0.5|
lordik13|2010-12-04|1001|fla-mtl|1|7|0|1|875354136|1|
lordik13|2010-12-04|1003|ott-tbl|1|11|0|1|875355115|1|
lordik13|2010-12-04|1004|car-buf|1|2|0|1|875352747|1|
lordik13|2010-12-04|1005|sjs-nas|1|3|4|2|875353348|-0.5|
lordik13|2010-12-04|1006|col-det|1|0|3|2|875351568|-0.5|
lordik13|2010-12-04|1007|chi-edm|1|3|1|1|875354387|1|
lordik13|2010-12-04|1008|ana-stl|1|3|4|2|875355731|-0.5|
sollu|2010-12-04|1001|fla-mtl|1|7|0|1|875354136|1|
sollu|2010-12-04|1002|nyi-njd|1|3|5|2|875351955|-0.5|
sollu|2010-12-04|1003|ott-tbl|1|11|0|1|875355115|1|
sollu|2010-12-04|1004|car-buf|1|2|0|1|875352747|1|
sollu|2010-12-04|1005|sjs-nas|1|3|4|2|875353348|-0.5|
sollu|2010-12-04|1007|chi-edm|1|3|1|1|875354387|1|
sollu|2010-12-04|1008|ana-stl|1|3|4|2|875355731|-0.5|
zoidberg|2010-12-04|1002|nyi-njd|1|3|5|2|875351955|-0.5|
zoidberg|2010-12-04|1003|ott-tbl|1|11|0|1|875355115|1|
zoidberg|2010-12-04|1004|car-buf|1|2|0|1|875352747|1|
zoidberg|2010-12-04|1005|sjs-nas|1|3|4|2|875353348|-0.5|
zoidberg|2010-12-04|1006|col-det|1|0|3|2|875351568|-0.5|
zoidberg|2010-12-04|1007|chi-edm|1|3|1|1|875354387|1|
zoidberg|2010-12-04|1008|ana-stl|1|3|4|2|875355731|-0.5|
