globox|2010-12-05|1009|mtl-fla|2|0|12|2|875354137|1|
globox|2010-12-05|1010|njd-nyi|2|4|5|2|875352011|1|
globox|2010-12-05|1011|tbl-ott|2|0|13|2|875355116|1|
globox|2010-12-05|1012|buf-car|2|0|2|2|875352748|1|
globox|2010-12-05|1013|nas-sjs|2|1|3|2|875353349|1|
globox|2010-12-05|1014|det-col|2|1|5|2|875351569|1|
globox|2010-12-05|1015|edm-chi|2|1|2|2|875354388|1|
globox|2010-12-05|1016|stl-ana|2|4|3|1|875357792|-0.5|
jac|2010-12-05|1009|mtl-fla|2|0|12|2|875354137|1|
jac|2010-12-05|1010|njd-nyi|1|4|5|2|875352011|-0.5|
jac|2010-12-05|1011|tbl-ott|2|0|13|2|875355116|1|
jac|2010-12-05|1013|nas-sjs|1|1|3|2|875353349|-0.5|
jac|2010-12-05|1014|det-col|2|1|5|2|875351569|1|
jac|2010-12-05|1015|edm-chi|2|1|2|2|875354388|1|
jac|2010-12-05|1016|stl-ana|1|4|3|1|875357792|1|
sollu|2010-12-05|1009|mtl-fla|2|0|12|2|875354137|1|
sollu|2010-12-05|1010|njd-nyi|2|4|5|2|875352011|1|
sollu|2010-12-05|1011|tbl-ott|2|0|13|2|875355116|1|
sollu|2010-12-05|1012|buf-car|2|0|2|2|875352748|1|
sollu|2010-12-05|1013|nas-sjs|2|1|3|2|875353349|1|
sollu|2010-12-05|1015|edm-chi|2|1|2|2|875354388|1|
sollu|2010-12-05|1016|stl-ana|2|4|3|1|875357792|-0.5|
trsto|2010-12-05|1009|mtl-fla|2|0|12|2|875354137|1|
trsto|2010-12-05|1011|tbl-ott|2|0|13|2|875355116|1|
trsto|2010-12-05|1012|buf-car|2|0|2|2|875352748|1|
trsto|2010-12-05|1013|nas-sjs|2|1|3|2|875353349|1|
trsto|2010-12-05|1014|det-col|2|1|5|2|875351569|1|
trsto|2010-12-05|1015|edm-chi|2|1|2|2|875354388|1|
trsto|2010-12-05|1016|stl-ana|2|4|3|1|875357792|-0.5|
marleau12|2010-12-05|1009|mtl-fla|2|0|12|2|875354137|1|
marleau12|2010-12-05|1010|njd-nyi|2|4|5|2|875352011|1|
marleau12|2010-12-05|1011|tbl-ott|2|0|13|2|875355116|1|
marleau12|2010-12-05|1012|buf-car|2|0|2|2|875352748|1|
marleau12|2010-12-05|1014|det-col|2|1|5|2|875351569|1|
marleau12|2010-12-05|1015|edm-chi|2|1|2|2|875354388|1|
marleau12|2010-12-05|1016|stl-ana|2|4|3|1|875357792|-0.5|
pescalune|2010-12-05|1009|mtl-fla|2|0|12|2|875354137|1|
pescalune|2010-12-05|1010|njd-nyi|1|4|5|2|875352011|-0.5|
pescalune|2010-12-05|1011|tbl-ott|2|0|13|2|875355116|1|
pescalune|2010-12-05|1012|buf-car|2|0|2|2|875352748|1|
pescalune|2010-12-05|1013|nas-sjs|2|1|3|2|875353349|1|
pescalune|2010-12-05|1014|det-col|2|1|5|2|875351569|1|
pescalune|2010-12-05|1015|edm-chi|2|1|2|2|875354388|1|
pescalune|2010-12-05|1016|stl-ana|2|4|3|1|875357792|-0.5|
misko|2010-12-05|1009|mtl-fla|2|0|12|2|875354137|1|
misko|2010-12-05|1010|njd-nyi|1|4|5|2|875352011|-0.5|
misko|2010-12-05|1011|tbl-ott|2|0|13|2|875355116|1|
misko|2010-12-05|1012|buf-car|2|0|2|2|875352748|1|
misko|2010-12-05|1013|nas-sjs|2|1|3|2|875353349|1|
misko|2010-12-05|1015|edm-chi|1|1|2|2|875354388|-0.5|
misko|2010-12-05|1016|stl-ana|2|4|3|1|875357792|-0.5|
lordik13|2010-12-05|1009|mtl-fla|2|0|12|2|875354137|1|
lordik13|2010-12-05|1011|tbl-ott|2|0|13|2|875355116|1|
lordik13|2010-12-05|1012|buf-car|2|0|2|2|875352748|1|
lordik13|2010-12-05|1013|nas-sjs|2|1|3|2|875353349|1|
lordik13|2010-12-05|1014|det-col|2|1|5|2|875351569|1|
lordik13|2010-12-05|1015|edm-chi|2|1|2|2|875354388|1|
lordik13|2010-12-05|1016|stl-ana|2|4|3|1|875357792|-0.5|
zoidberg|2010-12-05|1010|njd-nyi|1|4|5|2|875352011|-0.5|
zoidberg|2010-12-05|1011|tbl-ott|2|0|13|2|875355116|1|
zoidberg|2010-12-05|1012|buf-car|2|0|2|2|875352748|1|
zoidberg|2010-12-05|1013|nas-sjs|2|1|3|2|875353349|1|
zoidberg|2010-12-05|1014|det-col|2|1|5|2|875351569|1|
zoidberg|2010-12-05|1015|edm-chi|2|1|2|2|875354388|1|
zoidberg|2010-12-05|1016|stl-ana|2|4|3|1|875357792|-0.5|
